TIME[ns],    Itot[uA],
0    -0.54794
0.021413    -0.54718
0.042826    -0.545772
0.064239    -0.544463
0.085652    -0.543951
0.107065    -0.54249
0.128478    -0.541002
0.149891    -0.539579
0.171304    -0.53931
0.192717    -0.537784
0.21413    -0.536224
0.235543    -0.535912
0.256956    -0.53448
0.278369    -0.532935
0.299782    -0.531449
0.321195    -0.531043
0.342608    -0.529596
0.364021    -0.528166
0.385434    -0.527707
0.406847    -0.526115
0.42826    -0.524649
0.449673    -0.524223
0.471086    -0.522807
0.492499    -0.521316
0.513912    -0.519786
0.535325    -0.51926
0.556738    -0.517733
0.578151    -0.517486
0.599564    -0.515875
0.620977    -0.514394
0.64239    -0.513823
0.663803    -0.512488
0.685216    -0.510894
0.706629    -0.510604
0.728042    -0.508934
0.749455    -0.507328
0.770868    -0.506901
0.792281    -0.505406
0.813694    -0.505048
0.835107    -0.503473
0.85652    -0.50293
0.877933    -0.501534
0.899346    -0.499937
0.920759    -0.499416
0.942172    -0.49798
0.963585    -0.497425
0.984998    -0.495897
1.00641    -0.495605
1.02782    -0.493974
1.04924    -0.493428
1.07065    -0.491817
1.09206    -0.490356
1.11348    -0.489883
1.13489    -0.488298
1.1563    -0.487935
1.17772    -0.486348
1.19913    -0.485833
1.22054    -0.484402
1.24195    -0.483951
1.26337    -0.482291
1.28478    -0.481738
1.30619    -0.480301
1.32761    -0.479905
1.34902    -0.479306
1.37043    -0.477762
1.39185    -0.477324
1.41326    -0.475741
1.43467    -0.475312
1.45608    -0.473639
1.4775    -0.47333
1.49891    -0.471663
1.52032    -0.471132
1.54174    -0.470824
1.56315    -0.469297
1.58456    -0.468703
1.60598    -0.467176
1.62739    -0.466601
1.6488    -0.466258
1.67021    -0.464787
1.69163    -0.464138
1.71304    -0.462573
1.73445    -0.462216
1.75587    -0.461704
1.77728    -0.460091
1.79869    -0.459664
1.82011    -0.458029
1.84152    -0.457534
1.86293    -0.457097
1.88434    -0.455574
1.90576    -0.455064
1.92717    -0.454597
1.94858    -0.453076
1.97    -0.452639
1.99141    -0.452151
2.01282    -0.450542
2.03424    -0.450177
2.05565    -0.449603
2.07706    -0.447979
2.09847    -0.447483
2.11989    -0.447239
2.1413    -0.445536
2.16271    -0.444964
2.18413    -0.444539
2.20554    -0.443136
2.22695    -0.442592
2.24837    -0.442
2.26978    -0.440457
2.29119    -0.440149
2.3126    -0.439688
2.33402    -0.438057
2.35543    -0.437534
2.37684    -0.437119
2.39826    -0.435522
2.41967    -0.435038
2.44108    -0.434529
2.4625    -0.433059
2.48391    -0.43254
2.50532    -0.43205
2.52673    -0.431626
2.54815    -0.430154
2.56956    -0.429592
2.59097    -0.429059
2.61239    -0.427587
2.6338    -0.427166
2.65521    -0.426671
2.67663    -0.426112
2.69804    -0.424617
2.71945    -0.424135
2.74086    -0.423779
2.76228    -0.42312
2.78369    -0.421659
2.8051    -0.421175
2.82652    -0.420741
2.84793    -0.419197
2.86934    -0.418642
2.89076    -0.418154
2.91217    -0.417748
2.93358    -0.416174
2.95499    -0.415752
2.97641    -0.415244
2.99782    -0.414698
3.01923    -0.413261
3.04065    -0.41278
3.06206    -0.41226
3.08347    -0.411739
3.10489    -0.410315
3.1263    -0.409853
3.14771    -0.409367
3.16912    -0.408786
3.19054    -0.407275
3.21195    -0.406853
3.23336    -0.406358
3.25478    -0.405908
3.27619    -0.404264
3.2976    -0.403844
3.31902    -0.403487
3.34043    -0.402977
3.36184    -0.401352
3.38325    -0.400889
3.40467    -0.400388
3.42608    -0.400029
3.44749    -0.398443
3.46891    -0.397849
3.49032    -0.397434
3.51173    -0.396884
3.53315    -0.395458
3.55456    -0.394925
3.57597    -0.394441
3.59738    -0.394008
3.6188    -0.39351
3.64021    -0.392007
3.66162    -0.391476
3.68304    -0.390955
3.70445    -0.390526
3.72586    -0.388972
3.74728    -0.388511
3.76869    -0.388021
3.7901    -0.387487
3.81151    -0.385974
3.83293    -0.385524
3.85434    -0.385
3.87575    -0.384515
3.89717    -0.384008
3.91858    -0.382508
3.93999    -0.382056
3.96141    -0.381529
3.98282    -0.381024
4.00423    -0.379475
4.02564    -0.37895
4.04706    -0.378518
4.06847    -0.37804
4.08988    -0.377583
4.1113    -0.376006
4.13271    -0.375442
4.15412    -0.374958
4.17554    -0.374465
4.19695    -0.373951
4.21836    -0.372407
4.23977    -0.371956
4.26119    -0.371443
4.2826    -0.370994
4.30401    -0.369382
4.32543    -0.368877
4.34684    -0.368416
4.36825    -0.367832
4.38967    -0.367423
4.41108    -0.36583
4.43249    -0.365297
4.4539    -0.364841
4.47532    -0.364279
4.49673    -0.363869
4.51814    -0.362168
4.53956    -0.361638
4.56097    -0.361163
4.58238    -0.360657
4.6038    -0.359154
4.62521    -0.358536
4.64662    -0.358005
4.66803    -0.357567
4.68945    -0.356993
4.71086    -0.355493
4.73227    -0.354916
4.75369    -0.354357
4.7751    -0.353898
4.79651    -0.353324
4.81793    -0.351824
4.83934    -0.351181
4.86075    -0.350634
4.88216    -0.350115
4.90358    -0.349603
4.92499    -0.348072
4.9464    -0.347435
4.96782    -0.346935
4.98923    -0.346406
5.01064    -0.344735
5.03206    -0.34427
5.05347    -0.343628
5.07488    -0.343146
5.09629    -0.34263
5.11771    -0.34096
5.13912    -0.340495
5.16053    -0.339837
5.18195    -0.339256
5.20336    -0.338731
5.22477    -0.337134
5.24619    -0.336625
5.2676    -0.33598
5.28901    -0.335416
5.31042    -0.334853
5.33184    -0.333192
5.35325    -0.332672
5.37466    -0.332021
5.39608    -0.33149
5.41749    -0.330947
5.4389    -0.329287
5.46032    -0.328748
5.48173    -0.328073
5.50314    -0.327454
5.52455    -0.326905
5.54597    -0.325227
5.56738    -0.324748
5.58879    -0.324067
5.61021    -0.323436
5.63162    -0.322846
5.65303    -0.321194
5.67445    -0.32059
5.69586    -0.319903
5.71727    -0.31932
5.73868    -0.318746
5.7601    -0.317107
5.78151    -0.316483
5.80292    -0.315773
5.82434    -0.315122
5.84575    -0.314553
5.86716    -0.312837
5.88858    -0.312279
5.90999    -0.311578
5.9314    -0.310904
5.95281    -0.310312
5.97423    -0.30857
5.99564    -0.30789
6.01705    -0.307185
6.03847    -0.306563
6.05988    -0.305947
6.08129    -0.304189
6.10271    -0.303489
6.12412    -0.302817
6.14553    -0.302121
6.16694    -0.301455
6.18836    -0.299692
6.20977    -0.299052
6.23118    -0.298349
6.2526    -0.29763
6.27401    -0.296951
6.29542    -0.295138
6.31684    -0.294405
6.33825    -0.293695
6.35966    -0.292974
6.38107    -0.292337
6.40249    -0.290504
6.4239    -0.289729
6.44531    -0.289016
6.46673    -0.288276
6.48814    -0.287571
6.50955    -0.285719
6.53097    -0.285
6.55238    -0.284251
6.57379    -0.283472
6.5952    -0.282716
6.61662    -0.280849
6.63803    -0.280046
6.65944    -0.279289
6.68086    -0.278488
6.70227    -0.277757
6.72368    -0.275862
6.7451    -0.27502
6.76651    -0.274228
6.78792    -0.273415
6.80933    -0.272627
6.83075    -0.270717
6.85216    -0.269837
6.87357    -0.269058
6.89499    -0.268219
6.9164    -0.267398
6.93781    -0.265446
6.95923    -0.26457
6.98064    -0.26372
7.00205    -0.262832
7.02346    -0.262033
7.04488    -0.259992
7.06629    -0.259099
7.0877    -0.258212
7.10912    -0.257328
7.13053    -0.25639
7.15194    -0.254375
7.17336    -0.253429
7.19477    -0.252552
7.21618    -0.251624
7.23759    -0.250639
7.25901    -0.248624
7.28042    -0.247675
7.30183    -0.246693
7.32325    -0.245676
7.34466    -0.244697
7.36607    -0.242685
7.38749    -0.241681
7.4089    -0.240693
7.43031    -0.239601
7.45172    -0.238513
7.47314    -0.236444
7.49455    -0.235415
7.51596    -0.234409
7.53738    -0.233287
7.55879    -0.232206
7.5802    -0.230118
7.60162    -0.229038
7.62303    -0.22788
7.64444    -0.226703
7.66585    -0.22557
7.68727    -0.223516
7.70868    -0.222434
7.73009    -0.221217
7.75151    -0.219979
7.77292    -0.218781
7.79433    -0.216575
7.81575    -0.215439
7.83716    -0.214188
7.85857    -0.213009
7.87998    -0.211743
7.9014    -0.209471
7.92281    -0.208179
7.94422    -0.206909
7.96564    -0.205599
7.98705    -0.204336
8.00846    -0.202089
8.02988    -0.200728
8.05129    -0.199379
8.0727    -0.197999
8.09411    -0.196659
8.11553    -0.194277
8.13694    -0.192917
8.15835    -0.191501
8.17977    -0.190044
8.20118    -0.188671
8.22259    -0.186211
8.24401    -0.184766
8.26542    -0.183296
8.28683    -0.181782
8.30824    -0.180274
8.32966    -0.177727
8.35107    -0.17626
8.37248    -0.174712
8.3939    -0.173114
8.41531    -0.171607
8.43672    -0.168976
8.45814    -0.167358
8.47955    -0.165716
8.50096    -0.164089
8.52237    -0.162488
8.54379    -0.159807
8.5652    -0.158137
8.58661    -0.156397
8.60803    -0.154612
8.62944    -0.15292
8.65085    -0.150091
8.67227    -0.148433
8.69368    -0.14669
8.71509    -0.144812
8.7365    -0.142979
8.75792    -0.14006
8.77933    -0.138253
8.80074    -0.136423
8.82216    -0.134542
8.84357    -0.132675
8.86498    -0.129618
8.8864    -0.127753
8.90781    -0.12577
8.92922    -0.123796
8.95063    -0.121866
8.97205    -0.118723
8.99346    -0.116827
9.01487    -0.114761
9.03629    -0.112693
9.0577    -0.110629
9.07911    -0.107474
9.10053    -0.105439
9.12194    -0.103293
9.14335    -0.101147
9.16476    -0.0990632
9.18618    -0.095842
9.20759    -0.0937694
9.229    -0.091561
9.25042    -0.0893481
9.27183    -0.0871403
9.29324    -0.0849373
9.31466    -0.0816556
9.33607    -0.0795276
9.35748    -0.0772707
9.37889    -0.0750156
9.40031    -0.0727594
9.42172    -0.0694339
9.44313    -0.0671768
9.46455    -0.0649207
9.48596    -0.0626355
9.50737    -0.0604148
9.52879    -0.0570578
9.5502    -0.0547805
9.57161    -0.0525053
9.59302    -0.050223
9.61444    -0.0501109
9.63585    -0.0499955
9.65726    -0.049942
9.67868    -0.0498223
9.70009    -0.0497057
9.7215    -0.0495921
9.74292    -0.0494729
9.76433    -0.0493538
9.78574    -0.0492409
9.80715    -0.0491211
9.82857    -0.0490693
9.84998    -0.0489524
9.87139    -0.048839
9.89281    -0.0487257
9.91422    -0.0486158
9.93563    -0.048502
9.95705    -0.0483907
9.97846    -0.0482801
9.99987    -0.048227
10.0213    -0.0481138
10.0427    -0.048
10.0641    -0.0478891
10.0855    -0.0477776
10.1069    -0.0476666
10.1283    -0.0475581
10.1498    -0.0474463
10.1712    -0.0473931
10.1926    -0.0472822
10.214    -0.0471682
10.2354    -0.0470609
10.2568    -0.046944
10.2782    -0.0468236
10.2997    -0.0467168
10.3211    -0.0466735
10.3425    -0.0465669
10.3639    -0.0464592
10.3853    -0.0463506
10.4067    -0.0462466
10.4281    -0.0461417
10.4495    -0.0460306
10.471    -0.0459233
10.4924    -0.0458742
10.5138    -0.0457679
10.5352    -0.0456619
10.5566    -0.0455514
10.578    -0.0454438
10.5994    -0.0453332
10.6208    -0.0452274
10.6423    -0.0451164
10.6637    -0.0450739
10.6851    -0.0449703
10.7065    -0.044861
10.7279    -0.0447605
10.7493    -0.0446538
10.7707    -0.0445508
10.7922    -0.0444475
10.8136    -0.044344
10.835    -0.0442983
10.8564    -0.0441948
10.8778    -0.0440893
10.8992    -0.0439852
10.9206    -0.0438804
10.942    -0.0437755
10.9635    -0.0436702
10.9849    -0.0436246
11.0063    -0.0435218
11.0277    -0.0434151
11.0491    -0.0433121
11.0705    -0.0432123
11.0919    -0.0431101
11.1133    -0.04301
11.1348    -0.0429107
11.1562    -0.0428702
11.1776    -0.0427643
11.199    -0.0426638
11.2204    -0.0425617
11.2418    -0.0424651
11.2632    -0.0423615
11.2847    -0.0422614
11.3061    -0.0421583
11.3275    -0.0421224
11.3489    -0.0420221
11.3703    -0.0419193
11.3917    -0.0418185
11.4131    -0.0417198
11.4345    -0.0416151
11.456    -0.0415118
11.4774    -0.0414148
11.4988    -0.041381
11.5202    -0.0412823
11.5416    -0.041186
11.563    -0.0410877
11.5844    -0.040988
11.6058    -0.0408909
11.6273    -0.0407937
11.6487    -0.0406936
11.6701    -0.0406598
11.6915    -0.0405578
11.7129    -0.0404574
11.7343    -0.040362
11.7557    -0.0402622
11.7772    -0.0401656
11.7986    -0.0400692
11.82    -0.0399712
11.8414    -0.0399366
11.8628    -0.0398426
11.8842    -0.0397459
11.9056    -0.0396467
11.927    -0.0395524
11.9485    -0.0394571
11.9699    -0.0393636
11.9913    -0.0392664
12.0127    -0.0392341
12.0341    -0.0391364
12.0555    -0.0390441
12.0769    -0.0389494
12.0983    -0.0388527
12.1198    -0.0387585
12.1412    -0.0386644
12.1626    -0.0385658
12.184    -0.0385314
12.2054    -0.0384321
12.2268    -0.0383376
12.2482    -0.038246
12.2696    -0.0381522
12.2911    -0.0380604
12.3125    -0.0379697
12.3339    -0.0378758
12.3553    -0.0378493
12.3767    -0.0377549
12.3981    -0.0376627
12.4195    -0.0375689
12.441    -0.0374755
12.4624    -0.0373839
12.4838    -0.0372902
12.5052    -0.0372609
12.5266    -0.0371686
12.548    -0.0370766
12.5694    -0.0369834
12.5908    -0.0368913
12.6123    -0.0367981
12.6337    -0.036704
12.6551    -0.0366165
12.6765    -0.0365881
12.6979    -0.0364983
12.7193    -0.0364093
12.7407    -0.0363177
12.7621    -0.0362285
12.7836    -0.0361358
12.805    -0.0360473
12.8264    -0.0359575
12.8478    -0.0359284
12.8692    -0.0358398
12.8906    -0.0357501
12.912    -0.0356558
12.9335    -0.0355644
12.9549    -0.0354753
12.9763    -0.0353859
12.9977    -0.0352969
13.0191    -0.035206
13.0405    -0.0351815
13.0619    -0.0350945
13.0833    -0.0350056
13.1048    -0.0349184
13.1262    -0.0348293
13.1476    -0.0347402
13.169    -0.0346536
13.1904    -0.0345648
13.2118    -0.03454
13.2332    -0.0344513
13.2546    -0.0343647
13.2761    -0.034279
13.2975    -0.0341924
13.3189    -0.0341017
13.3403    -0.0340153
13.3617    -0.033926
13.3831    -0.0338981
13.4045    -0.0338091
13.426    -0.0337241
13.4474    -0.0336403
13.4688    -0.0335571
13.4902    -0.0334698
13.5116    -0.0333845
13.533    -0.0332978
13.5544    -0.033274
13.5758    -0.0331874
13.5973    -0.0331029
13.6187    -0.0330177
13.6401    -0.0329293
13.6615    -0.032843
13.6829    -0.0327566
13.7043    -0.032672
13.7257    -0.0326502
13.7471    -0.0325657
13.7686    -0.0324796
13.79    -0.0323946
13.8114    -0.0323094
13.8328    -0.0322248
13.8542    -0.0321401
13.8756    -0.0320565
13.897    -0.0320364
13.9185    -0.0319518
13.9399    -0.0318669
13.9613    -0.0317836
13.9827    -0.0316996
14.0041    -0.0316178
14.0255    -0.0315346
14.0469    -0.0314503
14.0683    -0.0313658
14.0898    -0.0313462
14.1112    -0.0312619
14.1326    -0.0311771
14.154    -0.0310906
14.1754    -0.0310074
14.1968    -0.0309225
14.2182    -0.030842
14.2396    -0.0307601
14.2611    -0.030742
14.2825    -0.0306598
14.3039    -0.0305792
14.3253    -0.0304978
14.3467    -0.030417
14.3681    -0.0303356
14.3895    -0.0302518
14.411    -0.0301693
14.4324    -0.0301488
14.4538    -0.0300675
14.4752    -0.0299861
14.4966    -0.0299054
14.518    -0.0298232
14.5394    -0.029743
14.5608    -0.0296616
14.5823    -0.0295797
14.6037    -0.0294961
14.6251    -0.0294792
14.6465    -0.0293999
14.6679    -0.0293191
14.6893    -0.0292397
14.7107    -0.0291596
14.7321    -0.0290784
14.7536    -0.0289979
14.775    -0.0289183
14.7964    -0.0289004
14.8178    -0.0288201
14.8392    -0.0287415
14.8606    -0.0286619
14.882    -0.0285798
14.9034    -0.0284965
14.9249    -0.0284171
14.9463    -0.0283384
14.9677    -0.0282588
14.9891    -0.0282404
15.0105    -0.0281629
15.0319    -0.0280834
15.0533    -0.0280055
15.0748    -0.0279275
15.0962    -0.0278492
15.1176    -0.0277715
15.139    -0.0276923
15.1604    -0.0276765
15.1818    -0.0275985
15.2032    -0.0275199
15.2246    -0.0274422
15.2461    -0.0273642
15.2675    -0.0272863
15.2889    -0.027207
15.3103    -0.0271294
15.3317    -0.0270489
15.3531    -0.0270321
15.3745    -0.0269543
15.3959    -0.0268771
15.4174    -0.0268014
15.4388    -0.0267249
15.4602    -0.0266474
15.4816    -0.026571
15.503    -0.0264922
15.5244    -0.0264158
15.5458    -0.0264028
15.5673    -0.0263252
15.5887    -0.0262487
15.6101    -0.0261716
15.6315    -0.0260931
15.6529    -0.0260145
15.6743    -0.0259385
15.6957    -0.0258623
15.7171    -0.025786
15.7386    -0.025771
15.76    -0.0256948
15.7814    -0.0256188
15.8028    -0.0255425
15.8242    -0.0254677
15.8456    -0.0253915
15.867    -0.0253156
15.8884    -0.0252405
15.9099    -0.0251648
15.9313    -0.0251519
15.9527    -0.0250756
15.9741    -0.0250006
15.9955    -0.0249262
16.0169    -0.0248513
16.0383    -0.0247757
16.0598    -0.0247009
16.0812    -0.0246243
16.1026    -0.0245493
16.124    -0.0245345
16.1454    -0.0244586
16.1668    -0.0243836
16.1882    -0.0243105
16.2096    -0.0242362
16.2311    -0.0241619
16.2525    -0.0240874
16.2739    -0.0240138
16.2953    -0.0239394
16.3167    -0.0238646
16.3381    -0.0238536
16.3595    -0.02378
16.3809    -0.0237042
16.4024    -0.02363
16.4238    -0.0235551
16.4452    -0.0234815
16.4666    -0.0234082
16.488    -0.0233345
16.5094    -0.0232603
16.5308    -0.0232492
16.5523    -0.0231744
16.5737    -0.0231008
16.5951    -0.0230273
16.6165    -0.0229544
16.6379    -0.022882
16.6593    -0.0228086
16.6807    -0.0227351
16.7021    -0.0226626
16.7236    -0.022589
16.745    -0.0225794
16.7664    -0.0225074
16.7878    -0.0224339
16.8092    -0.0223608
16.8306    -0.0222883
16.852    -0.0222151
16.8734    -0.0221416
16.8949    -0.0220674
16.9163    -0.0219949
16.9377    -0.0219217
16.9591    -0.0219117
16.9805    -0.0218399
17.0019    -0.0217686
17.0233    -0.0216965
17.0447    -0.0216253
17.0662    -0.0215543
17.0876    -0.0214824
17.109    -0.0214111
17.1304    -0.0213397
17.1518    -0.0212659
17.1732    -0.0212561
17.1946    -0.0211848
17.2161    -0.0211134
17.2375    -0.0210421
17.2589    -0.0209711
17.2803    -0.020899
17.3017    -0.0208277
17.3231    -0.0207556
17.3445    -0.0206826
17.3659    -0.0206115
17.3874    -0.0206039
17.4088    -0.0205328
17.4302    -0.0204625
17.4516    -0.0203916
17.473    -0.0203203
17.4944    -0.02025
17.5158    -0.0201797
17.5372    -0.020109
17.5587    -0.0200373
17.5801    -0.0199672
17.6015    -0.019897
17.6229    -0.0198884
17.6443    -0.0198157
17.6657    -0.0197449
17.6871    -0.0196748
17.7086    -0.0196045
17.73    -0.0195342
17.7514    -0.0194631
17.7728    -0.0193938
17.7942    -0.0193235
17.8156    -0.0192542
17.837    -0.0191853
17.8584    -0.0191779
17.8799    -0.019108
17.9013    -0.019038
17.9227    -0.018968
17.9441    -0.018898
17.9655    -0.0188287
17.9869    -0.0187594
18.0083    -0.01869
18.0297    -0.0186207
18.0512    -0.0185506
18.0726    -0.0184813
18.094    -0.0184106
18.1154    -0.0184033
18.1368    -0.0183333
18.1582    -0.0182643
18.1796    -0.0181959
18.2011    -0.0181275
18.2225    -0.0180583
18.2439    -0.017989
18.2653    -0.0179201
18.2867    -0.0178518
18.3081    -0.0177834
18.3295    -0.0177142
18.3509    -0.0176458
18.3724    -0.0175774
18.3938    -0.0175698
18.4152    -0.0175
18.4366    -0.0174316
18.458    -0.0173631
18.4794    -0.0172947
18.5008    -0.0172256
18.5222    -0.0171573
18.5437    -0.0170888
18.5651    -0.0170204
18.5865    -0.0169528
18.6079    -0.0168846
18.6293    -0.0168165
18.6507    -0.0167488
18.6721    -0.0167433
18.6936    -0.016675
18.715    -0.0166066
18.7364    -0.0165392
18.7578    -0.0164717
18.7792    -0.016404
18.8006    -0.0163358
18.822    -0.0162683
18.8434    -0.0161996
18.8649    -0.016132
18.8863    -0.016063
18.9077    -0.0159949
18.9291    -0.0159273
18.9505    -0.0158605
18.9719    -0.015793
18.9933    -0.0157888
19.0147    -0.0157209
19.0362    -0.015654
19.0576    -0.0155871
19.079    -0.0155194
19.1004    -0.0154525
19.1218    -0.0153856
19.1432    -0.0153177
19.1646    -0.0152504
19.186    -0.0151828
19.2075    -0.0151159
19.2289    -0.0150491
19.2503    -0.0149822
19.2717    -0.0149148
19.2931    -0.0148479
19.3145    -0.0147804
19.3359    -0.0147135
19.3574    -0.0147095
19.3788    -0.0146429
19.4002    -0.0145767
19.4216    -0.0145101
19.443    -0.0144433
19.4644    -0.0143771
19.4858    -0.0143103
19.5072    -0.0142441
19.5287    -0.0141779
19.5501    -0.0141117
19.5715    -0.014045
19.5929    -0.0139785
19.6143    -0.0139117
19.6357    -0.0138449
19.6571    -0.0137783
19.6785    -0.0137119
19.7    -0.0136457
19.7214    -0.0135792
19.7428    -0.0135131
19.7642    -0.0134473
19.7856    -0.0133812
19.807    -0.0133782
19.8284    -0.0133127
19.8499    -0.0132466
19.8713    -0.013181
19.8927    -0.0131155
19.9141    -0.0130487
19.9355    -0.0129831
19.9569    -0.012917
19.9783    -0.0128514
19.9997    -0.0127858
20.0212    -0.0127202
20.0426    -0.0126542
20.064    -0.0125886
20.0854    -0.0125225
20.1068    -0.0124564
20.1282    -0.0123907
20.1496    -0.0123257
20.171    -0.0122606
20.1925    -0.0121953
20.2139    -0.0121298
20.2353    -0.0120643
20.2567    -0.0119992
20.2781    -0.0119342
20.2995    -0.0118692
20.3209    -0.0118038
20.3424    -0.0117385
20.3638    -0.0116735
20.3852    -0.011608
20.4066    -0.0115422
20.428    -0.0114768
20.4494    -0.0114117
20.4708    -0.0113465
20.4922    -0.0112815
20.5137    -0.0112161
20.5351    -0.0111515
20.5565    -0.0110866
20.5779    -0.011022
20.5993    -0.0109575
20.6207    -0.0108926
20.6421    -0.010828
20.6635    -0.0107635
20.685    -0.0106981
20.7064    -0.0106336
20.7278    -0.0105686
20.7492    -0.0105667
20.7706    -0.0105021
20.792    -0.0104376
20.8134    -0.0103727
20.8349    -0.0103082
20.8563    -0.0102432
20.8777    -0.0101781
20.8991    -0.0101133
20.9205    -0.0100492
20.9419    -0.00998485
20.9633    -0.00985809
20.9847    -0.00979366
21.0062    -0.00972954
21.0276    -0.00966505
21.049    -0.00960083
21.0704    -0.00953671
21.0918    -0.00947233
21.1132    -0.00940822
21.1346    -0.0093441
21.156    -0.00927967
21.1775    -0.00921491
21.1989    -0.00915064
21.2203    -0.00908652
21.2417    -0.00902241
21.2631    -0.00895829
21.2845    -0.00889391
21.3059    -0.00882979
21.3273    -0.00876573
21.3488    -0.00870199
21.3702    -0.00863825
21.3916    -0.0085743
21.413    -0.00851055
21.4344    -0.00844655
21.4558    -0.00838254
21.4772    -0.00831848
21.4987    -0.00825474
21.5201    -0.008191
21.5415    -0.00812725
21.5629    -0.0080633
21.5843    -0.00799956
21.6057    -0.00793582
21.6271    -0.00787176
21.6485    -0.0078077
21.67    -0.0077438
21.6914    -0.00767995
21.7128    -0.00761653
21.7342    -0.0075531
21.7556    -0.00748947
21.777    -0.00742578
21.7984    -0.00729971
21.8198    -0.00723629
21.8413    -0.00717286
21.8627    -0.00710928
21.8841    -0.00704585
21.9055    -0.00698243
21.9269    -0.00691869
21.9483    -0.00685495
21.9697    -0.00679153
21.9912    -0.0067281
22.0126    -0.00666468
22.034    -0.00660125
22.0554    -0.00653767
22.0768    -0.00647424
22.0982    -0.00641061
22.1196    -0.00634745
22.141    -0.00628418
22.1625    -0.00615838
22.1839    -0.00609522
22.2053    -0.006032
22.2267    -0.00596869
22.2481    -0.00590531
22.2695    -0.00584215
22.2909    -0.00577899
22.3123    -0.00571583
22.3338    -0.00565256
22.3552    -0.0055894
22.3766    -0.00552624
22.398    -0.00546292
22.4194    -0.0053995
22.4408    -0.00527369
22.4622    -0.00521053
22.4837    -0.00514737
22.5051    -0.00508442
22.5265    -0.00502136
22.5479    -0.00495841
22.5693    -0.0048953
22.5907    -0.00483235
22.6121    -0.00476939
22.6335    -0.00470639
22.655    -0.00464344
22.6764    -0.00458049
22.6978    -0.00445479
22.7192    -0.00439168
22.7406    -0.00432873
22.762    -0.00426577
22.7834    -0.00420282
22.8048    -0.00413987
22.8263    -0.00407687
22.8477    -0.00401381
22.8691    -0.0039507
22.8905    -0.0038879
22.9119    -0.00376247
22.9333    -0.00369967
22.9547    -0.00363687
22.9762    -0.00357408
22.9976    -0.00351123
23.019    -0.00344833
23.0404    -0.00338553
23.0618    -0.00332274
23.0832    -0.00325994
23.1046    -0.00313451
23.126    -0.00307171
23.1475    -0.00300891
23.1689    -0.00294596
23.1903    -0.00288317
23.2117    -0.00282037
23.2331    -0.00275757
23.2545    -0.00269478
23.2759    -0.00256934
23.2973    -0.00250665
23.3188    -0.0024439
23.3402    -0.00238121
23.3616    -0.00231852
23.383    -0.00225583
23.4044    -0.00219314
23.4258    -0.00213044
23.4472    -0.00206775
23.4686    -0.00194242
23.4901    -0.00187968
23.5115    -0.00181698
23.5329    -0.00175429
23.5543    -0.0016916
23.5757    -0.00162891
23.5971    -0.00156621
23.6185    -0.00144088
23.64    -0.00137814
23.6614    -0.00131545
23.6828    -0.00125281
23.7042    -0.00119017
23.7256    -0.00112752
23.747    -0.00106488
23.7684    -0.00100224
23.7898    -0.000876964
23.8113    -0.000814324
23.8327    -0.000751683
23.8541    -0.000689043
23.8755    -0.000626403
23.8969    -0.000563762
23.9183    -0.000501122
23.9397    -0.000375842
23.9611    -0.000313201
23.9826    -0.000250561
24.004    -0.000187921
24.0254    -0.000125281
24.0468    -6.26403e-05
