TIME[ns],    Itot[uA],
0    -0.5482
0.021413    -0.547445
0.042826    -0.546039
0.064239    -0.544735
0.085652    -0.544229
0.107065    -0.54277
0.128478    -0.541284
0.149891    -0.539863
0.171304    -0.539602
0.192717    -0.538077
0.21413    -0.536517
0.235543    -0.536214
0.256956    -0.534787
0.278369    -0.533242
0.299782    -0.531757
0.321195    -0.531358
0.342608    -0.529912
0.364021    -0.528486
0.385434    -0.528034
0.406847    -0.526443
0.42826    -0.524978
0.449673    -0.52456
0.471086    -0.523148
0.492499    -0.521656
0.513912    -0.520127
0.535325    -0.519608
0.556738    -0.518082
0.578151    -0.517846
0.599564    -0.516235
0.620977    -0.514756
0.64239    -0.514191
0.663803    -0.512856
0.685216    -0.511266
0.706629    -0.510983
0.728042    -0.509314
0.749455    -0.507708
0.770868    -0.507289
0.792281    -0.505797
0.813694    -0.505447
0.835107    -0.50387
0.85652    -0.503333
0.877933    -0.50194
0.899346    -0.500345
0.920759    -0.499831
0.942172    -0.498396
0.963585    -0.497847
0.984998    -0.496318
1.00641    -0.496057
1.02782    -0.494406
1.04924    -0.493867
1.07065    -0.492255
1.09206    -0.490796
1.11348    -0.490332
1.13489    -0.488747
1.1563    -0.48839
1.17772    -0.486804
1.19913    -0.486295
1.22054    -0.484867
1.24195    -0.484423
1.26337    -0.482763
1.28478    -0.482216
1.30619    -0.480778
1.32761    -0.480392
1.34902    -0.479799
1.37043    -0.478255
1.39185    -0.477824
1.41326    -0.476241
1.43467    -0.475821
1.45608    -0.474147
1.4775    -0.473844
1.49891    -0.472177
1.52032    -0.471651
1.54174    -0.471354
1.56315    -0.469827
1.58456    -0.469238
1.60598    -0.467711
1.62739    -0.467142
1.6488    -0.466807
1.67021    -0.465336
1.69163    -0.464692
1.71304    -0.463128
1.73445    -0.462778
1.75587    -0.462273
1.77728    -0.460661
1.79869    -0.460238
1.82011    -0.458603
1.84152    -0.458114
1.86293    -0.457687
1.88434    -0.456161
1.90576    -0.455658
1.92717    -0.455196
1.94858    -0.453675
1.97    -0.453244
1.99141    -0.452763
2.01282    -0.451154
2.03424    -0.450795
2.05565    -0.450226
2.07706    -0.448602
2.09847    -0.448113
2.11989    -0.447875
2.1413    -0.44617
2.16271    -0.445603
2.18413    -0.445185
2.20554    -0.443784
2.22695    -0.443259
2.24837    -0.442658
2.26978    -0.441112
2.29119    -0.440812
2.3126    -0.440358
2.33402    -0.438726
2.35543    -0.438208
2.37684    -0.437799
2.39826    -0.436207
2.41967    -0.435724
2.44108    -0.43522
2.4625    -0.433748
2.48391    -0.433235
2.50532    -0.43275
2.52673    -0.432333
2.54815    -0.430861
2.56956    -0.430303
2.59097    -0.429775
2.61239    -0.428301
2.6338    -0.427887
2.65521    -0.427397
2.67663    -0.426842
2.69804    -0.425347
2.71945    -0.42487
2.74086    -0.424508
2.76228    -0.423866
2.78369    -0.422403
2.8051    -0.421924
2.82652    -0.421495
2.84793    -0.41995
2.86934    -0.4194
2.89076    -0.418917
2.91217    -0.418516
2.93358    -0.416941
2.95499    -0.416524
2.97641    -0.415981
2.99782    -0.415478
3.01923    -0.41404
3.04065    -0.413564
3.06206    -0.413049
3.08347    -0.412533
3.10489    -0.411057
3.1263    -0.410649
3.14771    -0.410168
3.16912    -0.409598
3.19054    -0.408079
3.21195    -0.407661
3.23336    -0.40717
3.25478    -0.406724
3.27619    -0.405077
3.2976    -0.404662
3.31902    -0.40431
3.34043    -0.403804
3.36184    -0.402176
3.38325    -0.401719
3.40467    -0.401221
3.42608    -0.400865
3.44749    -0.399277
3.46891    -0.398686
3.49032    -0.398276
3.51173    -0.39773
3.53315    -0.396302
3.55456    -0.395772
3.57597    -0.395293
3.59738    -0.394863
3.6188    -0.394368
3.64021    -0.392863
3.66162    -0.392335
3.68304    -0.391818
3.70445    -0.391393
3.72586    -0.389836
3.74728    -0.389379
3.76869    -0.388891
3.7901    -0.38836
3.81151    -0.386844
3.83293    -0.386398
3.85434    -0.385878
3.87575    -0.385396
3.89717    -0.384892
3.91858    -0.383389
3.93999    -0.382953
3.96141    -0.382415
3.98282    -0.381913
4.00423    -0.380361
4.02564    -0.37984
4.04706    -0.379411
4.06847    -0.378936
4.08988    -0.37848
4.1113    -0.37685
4.13271    -0.376338
4.15412    -0.375858
4.17554    -0.375367
4.19695    -0.374856
4.21836    -0.373308
4.23977    -0.372861
4.26119    -0.372348
4.2826    -0.371902
4.30401    -0.370286
4.32543    -0.369784
4.34684    -0.369326
4.36825    -0.368744
4.38967    -0.368337
4.41108    -0.366738
4.43249    -0.366207
4.4539    -0.365754
4.47532    -0.365194
4.49673    -0.364786
4.51814    -0.363081
4.53956    -0.362558
4.56097    -0.36208
4.58238    -0.361574
4.6038    -0.360067
4.62521    -0.359451
4.64662    -0.358922
4.66803    -0.358486
4.68945    -0.357913
4.71086    -0.356428
4.73227    -0.355832
4.75369    -0.355274
4.7751    -0.354817
4.79651    -0.354244
4.81793    -0.35274
4.83934    -0.352097
4.86075    -0.351552
4.88216    -0.351035
4.90358    -0.350521
4.92499    -0.348986
4.9464    -0.34835
4.96782    -0.347851
4.98923    -0.347323
5.01064    -0.345647
5.03206    -0.345184
5.05347    -0.344541
5.07488    -0.344059
5.09629    -0.343544
5.11771    -0.341869
5.13912    -0.341404
5.16053    -0.340747
5.18195    -0.340167
5.20336    -0.339641
5.22477    -0.338038
5.24619    -0.33753
5.2676    -0.336884
5.28901    -0.336321
5.31042    -0.335758
5.33184    -0.334079
5.35325    -0.333572
5.37466    -0.33292
5.39608    -0.332388
5.41749    -0.331846
5.4389    -0.330179
5.46032    -0.329641
5.48173    -0.328965
5.50314    -0.328359
5.52455    -0.327796
5.54597    -0.326112
5.56738    -0.325632
5.58879    -0.32495
5.61021    -0.324318
5.63162    -0.323728
5.65303    -0.32207
5.67445    -0.321465
5.69586    -0.320777
5.71727    -0.320192
5.73868    -0.319618
5.7601    -0.317973
5.78151    -0.317348
5.80292    -0.316636
5.82434    -0.315984
5.84575    -0.315373
5.86716    -0.313692
5.88858    -0.313132
5.90999    -0.312429
5.9314    -0.311753
5.95281    -0.31116
5.97423    -0.309411
5.99564    -0.308729
6.01705    -0.308023
6.03847    -0.307398
6.05988    -0.306781
6.08129    -0.305016
6.10271    -0.304313
6.12412    -0.30364
6.14553    -0.302942
6.16694    -0.302275
6.18836    -0.300504
6.20977    -0.299861
6.23118    -0.299155
6.2526    -0.298434
6.27401    -0.297753
6.29542    -0.295932
6.31684    -0.295197
6.33825    -0.294485
6.35966    -0.293762
6.38107    -0.293121
6.40249    -0.29128
6.4239    -0.290502
6.44531    -0.289787
6.46673    -0.289044
6.48814    -0.288338
6.50955    -0.286476
6.53097    -0.285753
6.55238    -0.285002
6.57379    -0.284219
6.5952    -0.283462
6.61662    -0.281585
6.63803    -0.280779
6.65944    -0.28002
6.68086    -0.279215
6.70227    -0.27848
6.72368    -0.276575
6.7451    -0.27573
6.76651    -0.274935
6.78792    -0.274119
6.80933    -0.273328
6.83075    -0.271408
6.85216    -0.270524
6.87357    -0.26974
6.89499    -0.268898
6.9164    -0.268073
6.93781    -0.266112
6.95923    -0.265232
6.98064    -0.264379
7.00205    -0.263486
7.02346    -0.262682
7.04488    -0.260631
7.06629    -0.259734
7.0877    -0.258842
7.10912    -0.257955
7.13053    -0.257012
7.15194    -0.254987
7.17336    -0.254036
7.19477    -0.253154
7.21618    -0.252221
7.23759    -0.251232
7.25901    -0.249206
7.28042    -0.248253
7.30183    -0.247266
7.32325    -0.246288
7.34466    -0.245261
7.36607    -0.243236
7.38749    -0.242227
7.4089    -0.241234
7.43031    -0.240137
7.45172    -0.239044
7.47314    -0.236964
7.49455    -0.235929
7.51596    -0.234916
7.53738    -0.233789
7.55879    -0.232702
7.5802    -0.230603
7.60162    -0.229518
7.62303    -0.228354
7.64444    -0.227171
7.66585    -0.226032
7.68727    -0.223965
7.70868    -0.222877
7.73009    -0.221654
7.75151    -0.22041
7.77292    -0.219206
7.79433    -0.216988
7.81575    -0.215845
7.83716    -0.214588
7.85857    -0.213401
7.87998    -0.212128
7.9014    -0.209844
7.92281    -0.208543
7.94422    -0.207268
7.96564    -0.205951
7.98705    -0.204681
8.00846    -0.202421
8.02988    -0.201052
8.05129    -0.199696
8.0727    -0.198309
8.09411    -0.196961
8.11553    -0.194566
8.13694    -0.193199
8.15835    -0.191775
8.17977    -0.190309
8.20118    -0.188929
8.22259    -0.186455
8.24401    -0.185002
8.26542    -0.183524
8.28683    -0.182002
8.30824    -0.180486
8.32966    -0.177924
8.35107    -0.176448
8.37248    -0.174892
8.3939    -0.173285
8.41531    -0.17177
8.43672    -0.169125
8.45814    -0.167497
8.47955    -0.165847
8.50096    -0.164209
8.52237    -0.162599
8.54379    -0.159903
8.5652    -0.158224
8.58661    -0.156475
8.60803    -0.15468
8.62944    -0.152979
8.65085    -0.150134
8.67227    -0.148465
8.69368    -0.146713
8.71509    -0.144824
8.7365    -0.142981
8.75792    -0.140046
8.77933    -0.138229
8.80074    -0.13639
8.82216    -0.134498
8.84357    -0.13262
8.86498    -0.129545
8.8864    -0.12767
8.90781    -0.125677
8.92922    -0.123692
8.95063    -0.121752
8.97205    -0.11859
8.99346    -0.116683
9.01487    -0.114605
9.03629    -0.112526
9.0577    -0.110451
9.07911    -0.107279
9.10053    -0.105229
9.12194    -0.103074
9.14335    -0.100917
9.16476    -0.09882
9.18618    -0.095581
9.20759    -0.0934971
9.229    -0.0912768
9.25042    -0.0890518
9.27183    -0.086832
9.29324    -0.0846172
9.31466    -0.0813174
9.33607    -0.079176
9.35748    -0.0769069
9.37889    -0.0746395
9.40031    -0.072371
9.42172    -0.0690273
9.44313    -0.0667579
9.46455    -0.0644895
9.48596    -0.0621919
9.50737    -0.0599573
9.52879    -0.0565818
9.5502    -0.0542922
9.57161    -0.0520048
9.59302    -0.0497101
9.61444    -0.049598
9.63585    -0.0494824
9.65726    -0.0494273
9.67868    -0.0493074
9.70009    -0.0491906
9.7215    -0.049077
9.74292    -0.0489576
9.76433    -0.0488382
9.78574    -0.0487253
9.80715    -0.0486053
9.82857    -0.0485519
9.84998    -0.0484349
9.87139    -0.0483215
9.89281    -0.0482081
9.91422    -0.0480982
9.93563    -0.0479844
9.95705    -0.0478729
9.97846    -0.0477623
9.99987    -0.0477076
10.0213    -0.0475944
10.0427    -0.0474804
10.0641    -0.0473694
10.0855    -0.0472579
10.1069    -0.0471469
10.1283    -0.0470385
10.1498    -0.0469266
10.1712    -0.0468718
10.1926    -0.0467608
10.214    -0.0466467
10.2354    -0.0465395
10.2568    -0.0464224
10.2782    -0.0463017
10.2997    -0.0461949
10.3211    -0.0461502
10.3425    -0.0460437
10.3639    -0.0459359
10.3853    -0.0458273
10.4067    -0.0457235
10.4281    -0.0456187
10.4495    -0.0455075
10.471    -0.0454003
10.4924    -0.0453526
10.5138    -0.0452433
10.5352    -0.0451374
10.5566    -0.0450269
10.578    -0.0449192
10.5994    -0.0448086
10.6208    -0.0447029
10.6423    -0.0445918
10.6637    -0.0445479
10.6851    -0.0444444
10.7065    -0.0443351
10.7279    -0.0442348
10.7493    -0.044128
10.7707    -0.0440252
10.7922    -0.0439219
10.8136    -0.0438153
10.835    -0.0437738
10.8564    -0.0436679
10.8778    -0.0435625
10.8992    -0.0434584
10.9206    -0.0433538
10.942    -0.0432488
10.9635    -0.0431436
10.9849    -0.0430966
11.0063    -0.0429939
11.0277    -0.0428872
11.0491    -0.0427843
11.0705    -0.0426847
11.0919    -0.0425826
11.1133    -0.0424826
11.1348    -0.0423835
11.1562    -0.0423417
11.1776    -0.0422357
11.199    -0.0421354
11.2204    -0.0420333
11.2418    -0.0419371
11.2632    -0.0418335
11.2847    -0.0417336
11.3061    -0.0416306
11.3275    -0.0415934
11.3489    -0.0414933
11.3703    -0.0413906
11.3917    -0.0412899
11.4131    -0.0411913
11.4345    -0.0410868
11.456    -0.0409835
11.4774    -0.0408867
11.4988    -0.0408506
11.5202    -0.0407532
11.5416    -0.0406572
11.563    -0.040559
11.5844    -0.0404595
11.6058    -0.0403626
11.6273    -0.0402656
11.6487    -0.0401657
11.6701    -0.0401306
11.6915    -0.0400287
11.7129    -0.0399284
11.7343    -0.0398327
11.7557    -0.0397337
11.7772    -0.0396373
11.7986    -0.0395412
11.82    -0.0394433
11.8414    -0.0394076
11.8628    -0.0393138
11.8842    -0.0392173
11.9056    -0.0391183
11.927    -0.0390242
11.9485    -0.0389291
11.9699    -0.038836
11.9913    -0.038739
12.0127    -0.0387055
12.0341    -0.038608
12.0555    -0.0385161
12.0769    -0.0384216
12.0983    -0.0383251
12.1198    -0.0382312
12.1412    -0.0381374
12.1626    -0.0380389
12.184    -0.0380034
12.2054    -0.0379041
12.2268    -0.0378099
12.2482    -0.0377186
12.2696    -0.0376252
12.2911    -0.0375337
12.3125    -0.0374433
12.3339    -0.0373497
12.3553    -0.0373223
12.3767    -0.0372281
12.3981    -0.0371362
12.4195    -0.0370427
12.441    -0.0369495
12.4624    -0.0368584
12.4838    -0.036765
12.5052    -0.0367345
12.5266    -0.0366425
12.548    -0.0365509
12.5694    -0.036458
12.5908    -0.0363661
12.6123    -0.0362733
12.6337    -0.0361794
12.6551    -0.0360924
12.6765    -0.036063
12.6979    -0.0359736
12.7193    -0.0358849
12.7407    -0.0357937
12.7621    -0.0357048
12.7836    -0.0356125
12.805    -0.0355244
12.8264    -0.035435
12.8478    -0.0353435
12.8692    -0.0353166
12.8906    -0.0352273
12.912    -0.0351333
12.9335    -0.0350422
12.9549    -0.0349535
12.9763    -0.0348644
12.9977    -0.0347759
13.0191    -0.0346854
13.0405    -0.0346599
13.0619    -0.0345734
13.0833    -0.0344848
13.1048    -0.0343981
13.1262    -0.0343093
13.1476    -0.0342206
13.169    -0.0341346
13.1904    -0.0340462
13.2118    -0.0340204
13.2332    -0.0339321
13.2546    -0.033846
13.2761    -0.0337608
13.2975    -0.0336747
13.3189    -0.0335843
13.3403    -0.0334984
13.3617    -0.0334095
13.3831    -0.0333805
13.4045    -0.0332919
13.426    -0.0332074
13.4474    -0.0331242
13.4688    -0.0330415
13.4902    -0.0329547
13.5116    -0.0328699
13.533    -0.0327837
13.5544    -0.0327589
13.5758    -0.0326728
13.5973    -0.0325888
13.6187    -0.0325041
13.6401    -0.0324161
13.6615    -0.0323303
13.6829    -0.0322444
13.7043    -0.0321603
13.7257    -0.0321376
13.7471    -0.0320536
13.7686    -0.0319677
13.79    -0.0318836
13.8114    -0.0317989
13.8328    -0.0317148
13.8542    -0.0316306
13.8756    -0.0315476
13.897    -0.0315266
13.9185    -0.0314426
13.9399    -0.0313581
13.9613    -0.0312754
13.9827    -0.0311919
14.0041    -0.0311108
14.0255    -0.0310281
14.0469    -0.0309444
14.0683    -0.0308604
14.0898    -0.03084
14.1112    -0.0307562
14.1326    -0.030672
14.154    -0.0305859
14.1754    -0.0305033
14.1968    -0.0304188
14.2182    -0.030339
14.2396    -0.0302578
14.2611    -0.0302388
14.2825    -0.0301573
14.3039    -0.0300773
14.3253    -0.0299966
14.3467    -0.0299164
14.3681    -0.0298357
14.3895    -0.0297524
14.411    -0.0296705
14.4324    -0.0296492
14.4538    -0.0295684
14.4752    -0.0294877
14.4966    -0.0294076
14.518    -0.029326
14.5394    -0.0292465
14.5608    -0.0291658
14.5823    -0.0290844
14.6037    -0.0290014
14.6251    -0.0289837
14.6465    -0.0289052
14.6679    -0.0288249
14.6893    -0.0287463
14.7107    -0.0286668
14.7321    -0.0285863
14.7536    -0.0285064
14.775    -0.0284275
14.7964    -0.0284088
14.8178    -0.0283291
14.8392    -0.0282513
14.8606    -0.0281724
14.882    -0.0280909
14.9034    -0.0280082
14.9249    -0.0279294
14.9463    -0.0278514
14.9677    -0.0277725
14.9891    -0.0277533
15.0105    -0.0276766
15.0319    -0.0275978
15.0533    -0.0275206
15.0748    -0.0274434
15.0962    -0.0273658
15.1176    -0.0272889
15.139    -0.0272104
15.1604    -0.0271938
15.1818    -0.0271166
15.2032    -0.0270387
15.2246    -0.0269615
15.2461    -0.0268846
15.2675    -0.0268074
15.2889    -0.0267288
15.3103    -0.0266519
15.3317    -0.0265721
15.3531    -0.0265545
15.3745    -0.0264775
15.3959    -0.0264007
15.4174    -0.0263261
15.4388    -0.0262505
15.4602    -0.0261738
15.4816    -0.0260981
15.503    -0.02602
15.5244    -0.0259445
15.5458    -0.0259308
15.5673    -0.0258539
15.5887    -0.0257783
15.6101    -0.0257019
15.6315    -0.0256241
15.6529    -0.0255463
15.6743    -0.0254711
15.6957    -0.0253957
15.7171    -0.0253202
15.7386    -0.0253045
15.76    -0.0252291
15.7814    -0.025154
15.8028    -0.0250784
15.8242    -0.0250045
15.8456    -0.0249291
15.867    -0.024854
15.8884    -0.0247798
15.9099    -0.0247049
15.9313    -0.0246914
15.9527    -0.0246159
15.9741    -0.0245417
15.9955    -0.0244678
16.0169    -0.0243941
16.0383    -0.0243194
16.0598    -0.0242454
16.0812    -0.0241696
16.1026    -0.0240955
16.124    -0.0240801
16.1454    -0.024005
16.1668    -0.0239308
16.1882    -0.0238586
16.2096    -0.0237852
16.2311    -0.0237118
16.2525    -0.0236381
16.2739    -0.0235655
16.2953    -0.0234919
16.3167    -0.0234181
16.3381    -0.0234065
16.3595    -0.0233338
16.3809    -0.0232588
16.4024    -0.0231855
16.4238    -0.0231115
16.4452    -0.0230387
16.4666    -0.0229664
16.488    -0.0228936
16.5094    -0.0228202
16.5308    -0.0228086
16.5523    -0.0227347
16.5737    -0.022662
16.5951    -0.0225895
16.6165    -0.0225175
16.6379    -0.022446
16.6593    -0.0223736
16.6807    -0.0223009
16.7021    -0.0222294
16.7236    -0.0221567
16.745    -0.0221466
16.7664    -0.0220756
16.7878    -0.022003
16.8092    -0.0219308
16.8306    -0.0218593
16.852    -0.021787
16.8734    -0.0217144
16.8949    -0.0216411
16.9163    -0.0215696
16.9377    -0.0214973
16.9591    -0.0214868
16.9805    -0.021416
17.0019    -0.0213456
17.0233    -0.0212746
17.0447    -0.0212044
17.0662    -0.0211344
17.0876    -0.0210634
17.109    -0.0209931
17.1304    -0.0209228
17.1518    -0.0208498
17.1732    -0.0208396
17.1946    -0.0207692
17.2161    -0.0206989
17.2375    -0.0206286
17.2589    -0.0205586
17.2803    -0.0204875
17.3017    -0.0204172
17.3231    -0.0203459
17.3445    -0.020274
17.3659    -0.0202039
17.3874    -0.0201959
17.4088    -0.0201258
17.4302    -0.0200566
17.4516    -0.0199867
17.473    -0.0199164
17.4944    -0.0198472
17.5158    -0.019778
17.5372    -0.0197082
17.5587    -0.0196376
17.5801    -0.0195685
17.6015    -0.0194993
17.6229    -0.0194903
17.6443    -0.0194186
17.6657    -0.0193487
17.6871    -0.0192797
17.7086    -0.0192105
17.73    -0.0191412
17.7514    -0.0190711
17.7728    -0.0190029
17.7942    -0.0189337
17.8156    -0.0188655
17.837    -0.0187976
17.8584    -0.0187899
17.8799    -0.0187211
17.9013    -0.0186521
17.9227    -0.0185832
17.9441    -0.0185143
17.9655    -0.0184461
17.9869    -0.0183778
18.0083    -0.0183096
18.0297    -0.0182414
18.0512    -0.0181724
18.0726    -0.0181041
18.094    -0.0180345
18.1154    -0.0180268
18.1368    -0.0179578
18.1582    -0.01789
18.1796    -0.0178227
18.2011    -0.0177554
18.2225    -0.0176873
18.2439    -0.0176191
18.2653    -0.0175513
18.2867    -0.0174842
18.3081    -0.0174169
18.3295    -0.0173489
18.3509    -0.0172816
18.3724    -0.0172143
18.3938    -0.0172063
18.4152    -0.0171376
18.4366    -0.0170703
18.458    -0.017003
18.4794    -0.0169357
18.5008    -0.0168677
18.5222    -0.0168005
18.5437    -0.0167332
18.5651    -0.0166659
18.5865    -0.0165995
18.6079    -0.0165324
18.6293    -0.0164654
18.6507    -0.016399
18.6721    -0.0163932
18.6936    -0.016326
18.715    -0.0162588
18.7364    -0.0161923
18.7578    -0.0161262
18.7792    -0.0160597
18.8006    -0.0159926
18.822    -0.0159263
18.8434    -0.0158587
18.8649    -0.0157923
18.8863    -0.0157245
18.9077    -0.0156575
18.9291    -0.0155911
18.9505    -0.0155255
18.9719    -0.0154592
18.9933    -0.0154547
19.0147    -0.015388
19.0362    -0.0153223
19.0576    -0.0152566
19.079    -0.01519
19.1004    -0.0151244
19.1218    -0.0150587
19.1432    -0.0149919
19.1646    -0.0149258
19.186    -0.0148594
19.2075    -0.0147938
19.2289    -0.0147281
19.2503    -0.0146625
19.2717    -0.0145962
19.2931    -0.0145305
19.3145    -0.0144642
19.3359    -0.0143986
19.3574    -0.0143943
19.3788    -0.014329
19.4002    -0.014264
19.4216    -0.0141986
19.443    -0.0141331
19.4644    -0.0140681
19.4858    -0.0140025
19.5072    -0.0139376
19.5287    -0.0138726
19.5501    -0.0138077
19.5715    -0.0137422
19.5929    -0.0136769
19.6143    -0.0136114
19.6357    -0.0135458
19.6571    -0.0134804
19.6785    -0.0134152
19.7    -0.0133502
19.7214    -0.013285
19.7428    -0.0132202
19.7642    -0.0131557
19.7856    -0.0130908
19.807    -0.0130877
19.8284    -0.0130234
19.8499    -0.0129586
19.8713    -0.0128943
19.8927    -0.01283
19.9141    -0.0127644
19.9355    -0.0127001
19.9569    -0.0126352
19.9783    -0.0125709
19.9997    -0.0125066
20.0212    -0.0124423
20.0426    -0.0123776
20.064    -0.0123132
20.0854    -0.0122484
20.1068    -0.0121835
20.1282    -0.0121191
20.1496    -0.0120554
20.171    -0.0119917
20.1925    -0.0119276
20.2139    -0.0118634
20.2353    -0.0117992
20.2567    -0.0117355
20.2781    -0.0116717
20.2995    -0.011608
20.3209    -0.0115439
20.3424    -0.0114799
20.3638    -0.0114162
20.3852    -0.011352
20.4066    -0.0112874
20.428    -0.0112233
20.4494    -0.0111596
20.4708    -0.0110957
20.4922    -0.011032
20.5137    -0.0109679
20.5351    -0.0109047
20.5565    -0.010841
20.5779    -0.0107778
20.5993    -0.0107146
20.6207    -0.010651
20.6421    -0.0105878
20.6635    -0.0105244
20.685    -0.0104605
20.7064    -0.0103973
20.7278    -0.0103336
20.7492    -0.0103316
20.7706    -0.0102684
20.792    -0.0102052
20.8134    -0.0101416
20.8349    -0.0100784
20.8563    -0.0100148
20.8777    -0.00995098
20.8991    -0.00988749
20.9205    -0.00982473
20.9419    -0.00976176
20.9633    -0.0096378
20.9847    -0.00957471
21.0062    -0.00951195
21.0276    -0.0094488
21.049    -0.00938594
21.0704    -0.00932318
21.0918    -0.00926014
21.1132    -0.00919739
21.1346    -0.00913463
21.156    -0.00907154
21.1775    -0.00900811
21.1989    -0.00894519
21.2203    -0.00888243
21.2417    -0.00881967
21.2631    -0.00875692
21.2845    -0.00869388
21.3059    -0.00863113
21.3273    -0.00856843
21.3488    -0.00850607
21.3702    -0.0084437
21.3916    -0.00838112
21.413    -0.00831876
21.4344    -0.00825612
21.4558    -0.00819348
21.4772    -0.00813078
21.4987    -0.00806842
21.5201    -0.00800606
21.5415    -0.0079437
21.5629    -0.00788111
21.5843    -0.00781875
21.6057    -0.00775639
21.6271    -0.00769369
21.6485    -0.00763099
21.67    -0.00756847
21.6914    -0.00750599
21.7128    -0.00744397
21.7342    -0.00738194
21.7556    -0.00731969
21.777    -0.00725739
21.7984    -0.00713417
21.8198    -0.00707214
21.8413    -0.00701011
21.8627    -0.00694792
21.8841    -0.0068859
21.9055    -0.00682387
21.9269    -0.00676151
21.9483    -0.00669915
21.9697    -0.00663712
21.9912    -0.0065751
22.0126    -0.00651307
22.034    -0.00645105
22.0554    -0.00638885
22.0768    -0.00632683
22.0982    -0.00626458
22.1196    -0.00620283
22.141    -0.00614097
22.1625    -0.00601803
22.1839    -0.00595628
22.2053    -0.00589448
22.2267    -0.00583256
22.2481    -0.00577059
22.2695    -0.00570884
22.2909    -0.0056471
22.3123    -0.00558535
22.3338    -0.00552349
22.3552    -0.00546174
22.3766    -0.00539999
22.398    -0.00533808
22.4194    -0.00527605
22.4408    -0.00515311
22.4622    -0.00509136
22.4837    -0.00502961
22.5051    -0.00496809
22.5265    -0.00490645
22.5479    -0.00484492
22.5693    -0.00478323
22.5907    -0.0047217
22.6121    -0.00466018
22.6335    -0.00459859
22.655    -0.00453707
22.6764    -0.00447554
22.6978    -0.00435271
22.7192    -0.00429102
22.7406    -0.00422949
22.762    -0.00416796
22.7834    -0.00410643
22.8048    -0.00404491
22.8263    -0.00398333
22.8477    -0.00392169
22.8691    -0.00386
22.8905    -0.00379864
22.9119    -0.00367608
22.9333    -0.00361472
22.9547    -0.00355335
22.9762    -0.00349199
22.9976    -0.00343058
23.019    -0.00336911
23.0404    -0.00330774
23.0618    -0.00324638
23.0832    -0.00318502
23.1046    -0.00306246
23.126    -0.0030011
23.1475    -0.00293974
23.1689    -0.00287821
23.1903    -0.00281685
23.2117    -0.00275549
23.2331    -0.00269413
23.2545    -0.00263277
23.2759    -0.00251021
23.2973    -0.00244896
23.3188    -0.00238765
23.3402    -0.0023264
23.3616    -0.00226515
23.383    -0.0022039
23.4044    -0.00214265
23.4258    -0.0020814
23.4472    -0.00202014
23.4686    -0.0018977
23.4901    -0.00183639
23.5115    -0.00177514
23.5329    -0.00171389
23.5543    -0.00165264
23.5757    -0.00159138
23.5971    -0.00153013
23.6185    -0.00140768
23.64    -0.00134638
23.6614    -0.00128513
23.6828    -0.00122393
23.7042    -0.00116273
23.7256    -0.00110154
23.747    -0.00104034
23.7684    -0.000979144
23.7898    -0.000856751
23.8113    -0.000795555
23.8327    -0.000734358
23.8541    -0.000673162
23.8755    -0.000611965
23.8969    -0.000550769
23.9183    -0.000489572
23.9397    -0.000367179
23.9611    -0.000305983
23.9826    -0.000244786
24.004    -0.00018359
24.0254    -0.000122393
24.0468    -6.11965e-05
