TIME[ns],    Itot[uA],
0    -0.657809
9.67466e-07    -0.658079
0.00572626    -0.654064
0.0114516    -0.653721
0.0171768    -0.652863
0.0229021    -0.651425
0.0286274    -0.650114
0.0343527    -0.64889
0.040078    -0.64734
0.0458033    -0.646649
0.0515286    -0.645278
0.0572539    -0.643785
0.0629792    -0.643308
0.0687045    -0.641875
0.0744297    -0.640092
0.080155    -0.638788
0.0858803    -0.637489
0.0916056    -0.636913
0.0973309    -0.635461
0.103056    -0.633269
0.108781    -0.633009
0.114507    -0.631302
0.120232    -0.62994
0.125957    -0.629234
0.131683    -0.627316
0.137408    -0.626153
0.143133    -0.625395
0.148859    -0.62329
0.154584    -0.622079
0.160309    -0.621368
0.166034    -0.619157
0.17176    -0.617953
0.177485    -0.617138
0.18321    -0.615901
0.188936    -0.617115
0.194661    -0.61608
0.200386    -0.615038
0.206111    -0.61332
0.211837    -0.612103
0.217562    -0.610891
0.223287    -0.609871
0.229013    -0.608109
0.234738    -0.60744
0.240463    -0.605056
0.246188    -0.604273
0.251914    -0.602457
0.257639    -0.604436
0.263364    -0.603122
0.26909    -0.601679
0.274815    -0.600066
0.28054    -0.598689
0.286265    -0.597642
0.291991    -0.596455
0.297716    -0.594879
0.303441    -0.593107
0.309167    -0.592224
0.314892    -0.590632
0.320617    -0.589461
0.326342    -0.588151
0.332068    -0.589207
0.337793    -0.587879
0.343518    -0.586442
0.349244    -0.585086
0.354969    -0.584147
0.360694    -0.582689
0.366419    -0.580477
0.372145    -0.579619
0.37787    -0.578041
0.383595    -0.576506
0.389321    -0.578255
0.395046    -0.576602
0.400771    -0.575404
0.406496    -0.573624
0.412222    -0.572532
0.417947    -0.571903
0.423672    -0.573199
0.429398    -0.571323
0.435123    -0.570426
0.440848    -0.569335
0.446574    -0.568218
0.452299    -0.569228
0.458024    -0.56783
0.463749    -0.566589
0.469475    -0.565808
0.4752    -0.56342
0.480925    -0.562517
0.486651    -0.564286
0.492376    -0.562797
0.498101    -0.560907
0.503826    -0.560106
0.509552    -0.558543
0.515277    -0.56032
0.521002    -0.558678
0.526728    -0.557431
0.532453    -0.556277
0.538178    -0.554744
0.543903    -0.553363
0.549629    -0.55478
0.555354    -0.553698
0.561079    -0.552248
0.566805    -0.550578
0.57253    -0.549518
0.578255    -0.547803
0.58398    -0.549845
0.589706    -0.547904
0.595431    -0.546766
0.601156    -0.545229
0.606882    -0.543874
0.612607    -0.545203
0.618332    -0.543965
0.624057    -0.542376
0.629783    -0.541047
0.635508    -0.542469
0.641233    -0.541319
0.646958    -0.540311
0.652684    -0.538917
0.658409    -0.540349
0.664134    -0.539115
0.669858    -0.537854
0.675583    -0.536157
0.681308    -0.537843
0.687033    -0.536487
0.692757    -0.534511
0.698482    -0.533557
0.704207    -0.535306
0.709931    -0.533069
0.715656    -0.53217
0.721381    -0.531141
0.727105    -0.532
0.73283    -0.530863
0.738555    -0.52989
0.74428    -0.52814
0.750004    -0.529582
0.755729    -0.528724
0.761454    -0.527017
0.767178    -0.525292
0.772903    -0.527668
0.778628    -0.526048
0.784352    -0.524035
0.790077    -0.523072
0.795802    -0.524883
0.801526    -0.522822
0.807251    -0.521624
0.812976    -0.523598
0.8187    -0.521588
0.824425    -0.519849
0.83015    -0.519207
0.835874    -0.52037
0.841599    -0.518574
0.847324    -0.517878
0.853048    -0.516694
0.858773    -0.517433
0.864498    -0.517048
0.870222    -0.515659
0.875947    -0.51651
0.881672    -0.515907
0.887396    -0.515146
0.893121    -0.515627
0.898846    -0.514916
0.904571    -0.514145
0.910295    -0.514473
0.91602    -0.513615
0.921745    -0.512949
0.927469    -0.510424
0.933194    -0.512712
0.938919    -0.511582
0.944643    -0.50969
0.950368    -0.511583
0.956093    -0.510334
0.961817    -0.508533
0.967542    -0.510789
0.973267    -0.50921
0.978991    -0.508092
0.984716    -0.509575
0.990441    -0.50829
0.996166    -0.507395
1.00189    -0.508326
1.00761    -0.507228
1.01334    -0.50629
1.01906    -0.507357
1.02479    -0.506283
1.03051    -0.505013
1.03624    -0.503076
1.04196    -0.505138
1.04769    -0.503864
1.05341    -0.50199
1.05914    -0.503937
1.06486    -0.502644
1.07059    -0.50098
1.07631    -0.502892
1.08204    -0.501348
1.08776    -0.500341
1.09349    -0.501633
1.09921    -0.500413
1.10493    -0.499576
1.11066    -0.500671
1.11638    -0.499655
1.12211    -0.498209
1.12783    -0.499462
1.13356    -0.498382
1.13928    -0.497131
1.14501    -0.49843
1.15073    -0.497503
1.15646    -0.496074
1.16218    -0.494175
1.16791    -0.496011
1.17363    -0.495012
1.17936    -0.493381
1.18508    -0.494925
1.1908    -0.493854
1.19653    -0.492494
1.20225    -0.494042
1.20798    -0.492735
1.2137    -0.491604
1.21943    -0.492911
1.22515    -0.491922
1.23088    -0.490118
1.2366    -0.491619
1.24233    -0.490966
1.24805    -0.488798
1.25378    -0.490687
1.2595    -0.48972
1.26523    -0.48763
1.27095    -0.48647
1.27667    -0.488492
1.2824    -0.486597
1.28812    -0.485781
1.29385    -0.487102
1.29957    -0.485496
1.3053    -0.484431
1.31102    -0.485669
1.31675    -0.484661
1.32247    -0.48317
1.3282    -0.484726
1.33392    -0.483636
1.33965    -0.482249
1.34537    -0.483756
1.3511    -0.482319
1.35682    -0.481015
1.36255    -0.48213
1.36827    -0.481255
1.37399    -0.479989
1.37972    -0.478362
1.38544    -0.480334
1.39117    -0.478703
1.39689    -0.477554
1.40262    -0.479386
1.40834    -0.477585
1.41407    -0.479633
1.41979    -0.478483
1.42552    -0.476779
1.43124    -0.478438
1.43697    -0.477495
1.44269    -0.476095
1.44842    -0.47773
1.45414    -0.476523
1.45986    -0.475179
1.46559    -0.476857
1.47131    -0.475047
1.47704    -0.473915
1.48276    -0.475556
1.48849    -0.474229
1.49421    -0.472772
1.49994    -0.474784
1.50566    -0.473206
1.51139    -0.472001
1.51711    -0.474007
1.52284    -0.472359
1.52856    -0.470979
1.53429    -0.472567
1.54001    -0.471273
1.54574    -0.473022
1.55146    -0.471732
1.55718    -0.470313
1.56291    -0.472277
1.56863    -0.470722
1.57436    -0.46945
1.58008    -0.471277
1.58581    -0.469852
1.59153    -0.468313
1.59726    -0.469696
1.60298    -0.468487
1.60871    -0.467266
1.61443    -0.468775
1.62016    -0.467655
1.62588    -0.466446
1.63161    -0.467948
1.63733    -0.46672
1.64305    -0.465191
1.64878    -0.466947
1.6545    -0.46576
1.66023    -0.463762
1.66595    -0.466031
1.67168    -0.464476
1.6774    -0.466151
1.68313    -0.464918
1.68885    -0.463522
1.69458    -0.465304
1.7003    -0.464319
1.70603    -0.461951
1.71175    -0.464353
1.71748    -0.463247
1.7232    -0.461307
1.72892    -0.463614
1.73465    -0.46197
1.74037    -0.460575
1.7461    -0.462711
1.75182    -0.460701
1.75755    -0.459811
1.76327    -0.461785
1.769    -0.459543
1.77472    -0.461898
1.78045    -0.460553
1.78617    -0.458849
1.7919    -0.461025
1.79762    -0.459345
1.80335    -0.458118
1.80907    -0.46016
1.8148    -0.458219
1.82052    -0.457157
1.82624    -0.459197
1.83197    -0.457015
1.83769    -0.456096
1.84342    -0.45803
1.84914    -0.4563
1.85487    -0.458276
1.86059    -0.456448
1.86632    -0.455544
1.87204    -0.457554
1.87777    -0.455249
1.88349    -0.454404
1.88922    -0.456318
1.89494    -0.454413
1.90067    -0.45364
1.90639    -0.454963
1.91211    -0.45362
1.91784    -0.455665
1.92356    -0.453773
1.92929    -0.45299
1.93501    -0.454941
1.94074    -0.452679
1.94646    -0.451886
1.95219    -0.453642
1.95791    -0.451864
1.96364    -0.451006
1.96936    -0.452361
1.97509    -0.451314
1.98081    -0.453454
1.98654    -0.451547
1.99226    -0.450433
1.99799    -0.452245
2.00371    -0.450405
2.00943    -0.449563
2.01516    -0.451711
2.02088    -0.449842
2.02661    -0.448969
2.03233    -0.450302
2.03806    -0.449313
2.04378    -0.451308
2.04951    -0.449381
2.05523    -0.44827
2.06096    -0.450221
2.06668    -0.448398
2.07241    -0.447533
2.07813    -0.448996
2.08386    -0.447883
2.08958    -0.449779
2.0953    -0.448009
2.10103    -0.447031
2.10675    -0.448726
2.11248    -0.447008
2.1182    -0.446201
2.12393    -0.448041
2.12965    -0.4464
2.13538    -0.445304
2.1411    -0.446797
2.14683    -0.445643
2.15255    -0.447537
2.15828    -0.445953
2.164    -0.444768
2.16973    -0.446538
2.17545    -0.444973
2.18117    -0.443972
2.1869    -0.445852
2.19262    -0.444198
2.19835    -0.443048
2.20407    -0.444687
2.2098    -0.443566
2.21552    -0.44523
2.22125    -0.44353
2.22697    -0.442653
2.2327    -0.444413
2.23842    -0.442731
2.24415    -0.44163
2.24987    -0.443753
2.2556    -0.442031
2.26132    -0.444103
2.26705    -0.4425
2.27277    -0.441184
2.27849    -0.443124
2.28422    -0.441335
2.28994    -0.440309
2.29567    -0.442208
2.30139    -0.440496
2.30712    -0.439641
2.31284    -0.441206
2.31857    -0.439715
2.32429    -0.441729
2.33002    -0.439891
2.33574    -0.438794
2.34147    -0.440989
2.34719    -0.439055
2.35292    -0.43795
2.35864    -0.440004
2.36436    -0.43835
2.37009    -0.437159
2.37581    -0.438796
2.38154    -0.437288
2.38726    -0.439524
2.39299    -0.437572
2.39871    -0.436482
2.40444    -0.438553
2.41016    -0.436924
2.41589    -0.435656
2.42161    -0.437571
2.42734    -0.435784
2.43306    -0.43497
2.43879    -0.436021
2.44451    -0.434968
2.45023    -0.437275
2.45596    -0.435388
2.46168    -0.43419
2.46741    -0.436482
2.47313    -0.43436
2.47886    -0.433427
2.48458    -0.435027
2.49031    -0.433503
2.49603    -0.435924
2.50176    -0.433767
2.50748    -0.432816
2.51321    -0.434992
2.51893    -0.43283
2.52466    -0.431912
2.53038    -0.433882
2.53611    -0.432008
2.54183    -0.431349
2.54755    -0.432328
2.55328    -0.431324
2.559    -0.433791
2.56473    -0.431642
2.57045    -0.430481
2.57618    -0.432454
2.5819    -0.430435
2.58763    -0.429855
2.59335    -0.430813
2.59908    -0.429915
2.6048    -0.432241
2.61053    -0.430181
2.61625    -0.429333
2.62198    -0.430947
2.6277    -0.429027
2.63342    -0.428472
2.63915    -0.429455
2.64487    -0.428505
2.6506    -0.427859
2.65632    -0.428868
2.66205    -0.427956
2.66777    -0.429899
2.6735    -0.427705
2.67922    -0.427156
2.68495    -0.428541
2.69067    -0.427144
2.6964    -0.426516
2.70212    -0.427577
2.70785    -0.426635
2.71357    -0.428446
2.7193    -0.426324
2.72502    -0.425848
2.73074    -0.42731
2.73647    -0.425878
2.74219    -0.425206
2.74792    -0.426248
2.75364    -0.425236
2.75937    -0.424109
2.76509    -0.424972
2.77082    -0.42459
2.77654    -0.425779
2.78227    -0.424568
2.78799    -0.423839
2.79372    -0.424981
2.79944    -0.423912
2.80516    -0.422758
2.81089    -0.424031
2.81661    -0.423194
2.82234    -0.424439
2.82806    -0.423303
2.83379    -0.42249
2.83951    -0.423636
2.84524    -0.422583
2.85096    -0.42148
2.85668    -0.422774
2.86241    -0.42192
2.86813    -0.419885
2.87386    -0.421865
2.87958    -0.421327
2.88531    -0.422269
2.89103    -0.421229
2.89676    -0.420039
2.90248    -0.421405
2.9082    -0.420508
2.91393    -0.418721
2.91965    -0.420551
2.92538    -0.419943
2.9311    -0.420908
2.93683    -0.419819
2.94255    -0.418734
2.94828    -0.419983
2.954    -0.419189
2.95972    -0.420499
2.96545    -0.419107
2.97117    -0.418561
2.9769    -0.419534
2.98262    -0.418454
2.98835    -0.417286
2.99407    -0.418823
2.9998    -0.417871
3.00552    -0.419132
3.01124    -0.417726
3.01697    -0.417202
3.02269    -0.4181
3.02842    -0.417081
3.03414    -0.415902
3.03987    -0.417415
3.04559    -0.416482
3.05132    -0.417769
3.05704    -0.416372
3.06277    -0.415835
3.06849    -0.416787
3.07421    -0.415682
3.07994    -0.415139
3.08566    -0.416036
3.09139    -0.415127
3.09711    -0.416332
3.10284    -0.415003
3.10856    -0.414407
3.11429    -0.415367
3.12001    -0.414265
3.12573    -0.413761
3.13146    -0.414751
3.13718    -0.41375
3.14291    -0.414999
3.14863    -0.413579
3.15436    -0.4131
3.16008    -0.413962
3.16581    -0.413025
3.17153    -0.412379
3.17725    -0.413383
3.18298    -0.412309
3.1887    -0.413577
3.19443    -0.412241
3.20015    -0.41169
3.20588    -0.412731
3.2116    -0.411644
3.21733    -0.411077
3.22305    -0.411914
3.22878    -0.410988
3.2345    -0.412652
3.24022    -0.411139
3.24595    -0.410294
3.25167    -0.411332
3.2574    -0.410246
3.26312    -0.409756
3.26885    -0.410613
3.27457    -0.409641
3.2803    -0.411334
3.28602    -0.409861
3.29174    -0.409026
3.29747    -0.410175
3.30319    -0.409104
3.30892    -0.408568
3.31464    -0.409429
3.32037    -0.408461
3.32609    -0.410317
3.33182    -0.408676
3.33754    -0.408002
3.34327    -0.409049
3.34899    -0.407863
3.35471    -0.407413
3.36044    -0.408236
3.36616    -0.407262
3.37189    -0.409185
3.37761    -0.407728
3.38334    -0.406804
3.38906    -0.407853
3.39479    -0.406665
3.40051    -0.406241
3.40623    -0.407034
3.41196    -0.406062
3.41768    -0.404846
3.42341    -0.406557
3.42913    -0.405596
3.43486    -0.406689
3.44058    -0.405497
3.44631    -0.405038
3.45203    -0.405863
3.45776    -0.404924
3.46348    -0.404302
3.4692    -0.405375
3.47493    -0.404377
3.48065    -0.405461
3.48638    -0.404397
3.4921    -0.403759
3.49783    -0.40468
3.50355    -0.403753
3.50928    -0.403125
3.515    -0.404115
3.52072    -0.403227
3.52645    -0.404264
3.53217    -0.403084
3.5379    -0.402525
3.54362    -0.403412
3.54935    -0.402466
3.55507    -0.401786
3.5608    -0.402801
3.56652    -0.40195
3.57224    -0.40292
3.57797    -0.401799
3.58369    -0.401245
3.58942    -0.402131
3.59514    -0.401281
3.60087    -0.400489
3.60659    -0.40152
3.61232    -0.400603
3.61804    -0.401771
3.62377    -0.400763
3.62949    -0.400133
3.63521    -0.400784
3.64094    -0.399967
3.64666    -0.39932
3.65239    -0.400237
3.65811    -0.399287
3.66384    -0.400896
3.66956    -0.399765
3.67529    -0.398785
3.68101    -0.399545
3.68673    -0.398649
3.69246    -0.398041
3.69818    -0.398934
3.70391    -0.398013
3.70963    -0.399566
3.71536    -0.398436
3.72108    -0.397466
3.72681    -0.398404
3.73253    -0.397352
3.73826    -0.396693
3.74398    -0.39762
3.7497    -0.396693
3.75543    -0.398314
3.76115    -0.397116
3.76688    -0.396188
3.7726    -0.397088
3.77833    -0.396072
3.78405    -0.395379
3.78978    -0.396334
3.7955    -0.39542
3.80122    -0.396999
3.80695    -0.395832
3.81267    -0.394911
3.8184    -0.395763
3.82412    -0.394729
3.82985    -0.394137
3.83557    -0.395026
3.8413    -0.394096
3.84702    -0.392644
3.85274    -0.39453
3.85847    -0.393399
3.86419    -0.394449
3.86992    -0.393416
3.87564    -0.392822
3.88137    -0.393724
3.88709    -0.392738
3.89282    -0.391995
3.89854    -0.393218
3.90427    -0.392127
3.90999    -0.393136
3.91571    -0.392403
3.92144    -0.391479
3.92716    -0.392373
3.93289    -0.391407
3.93861    -0.390823
3.94434    -0.391828
3.95006    -0.390779
3.95579    -0.391816
3.96151    -0.391314
3.96723    -0.390165
3.97296    -0.39113
3.97868    -0.390273
3.98441    -0.389509
3.99013    -0.390619
3.99586    -0.389539
4.00158    -0.390606
4.00731    -0.39011
4.01303    -0.38904
4.01876    -0.390135
4.02448    -0.389076
4.0302    -0.388344
4.03593    -0.389456
4.04165    -0.388333
4.04738    -0.389848
4.0531    -0.388717
4.05883    -0.387854
4.06455    -0.388865
4.07028    -0.387907
4.076    -0.387181
4.08172    -0.388232
4.08745    -0.387136
4.09317    -0.388606
4.0989    -0.387541
4.10462    -0.386619
4.11035    -0.387661
4.11607    -0.386712
4.1218    -0.386015
4.12752    -0.386958
4.13324    -0.385973
4.13897    -0.387605
4.14469    -0.386316
4.15042    -0.385456
4.15614    -0.386494
4.16187    -0.38555
4.16759    -0.384777
4.17332    -0.385824
4.17904    -0.384803
4.18476    -0.387041
4.19049    -0.385122
4.19621    -0.384248
4.20194    -0.385342
4.20766    -0.384477
4.21339    -0.383609
4.21911    -0.384622
4.22484    -0.383564
4.23056    -0.382822
4.23628    -0.383924
4.24201    -0.383098
4.24773    -0.384143
4.25346    -0.383367
4.25918    -0.382522
4.26491    -0.383374
4.27063    -0.382522
4.27636    -0.381623
4.28208    -0.382747
4.2878    -0.381928
4.29353    -0.382918
4.29925    -0.381807
4.30498    -0.381316
4.3107    -0.382385
4.31643    -0.38129
4.32215    -0.380421
4.32788    -0.381489
4.3336    -0.380608
4.33933    -0.382169
4.34505    -0.38058
4.35077    -0.379978
4.3565    -0.380924
4.36222    -0.38013
4.36795    -0.379164
4.37367    -0.380297
4.3794    -0.379401
4.38512    -0.38091
4.39085    -0.379376
4.39657    -0.378817
4.40229    -0.379715
4.40802    -0.378866
4.41374    -0.377994
4.41947    -0.379115
4.42519    -0.378188
4.43092    -0.379894
4.43664    -0.378305
4.44237    -0.377573
4.44809    -0.378321
4.45381    -0.377649
4.45954    -0.376744
4.46526    -0.377862
4.47099    -0.376935
4.47671    -0.379315
4.48244    -0.377057
4.48816    -0.376379
4.49389    -0.377105
4.49961    -0.376444
4.50534    -0.375621
4.51106    -0.376636
4.51678    -0.375688
4.52251    -0.374637
4.52823    -0.375818
4.53396    -0.375085
4.53968    -0.375902
4.54541    -0.375229
4.55113    -0.374351
4.55686    -0.375391
4.56258    -0.374603
4.5683    -0.373389
4.57403    -0.374558
4.57975    -0.373853
4.58548    -0.374679
4.5912    -0.374046
4.59693    -0.373168
4.60265    -0.373856
4.60838    -0.373346
4.6141    -0.372187
4.61982    -0.373388
4.62555    -0.372638
4.63127    -0.37384
4.637    -0.372911
4.64272    -0.37182
4.64845    -0.372612
4.65417    -0.372098
4.6599    -0.370915
4.66562    -0.372127
4.67135    -0.371405
4.67707    -0.372649
4.68279    -0.371722
4.68852    -0.370669
4.69424    -0.371414
4.69997    -0.370724
4.70569    -0.369361
4.71142    -0.370934
4.71714    -0.370198
4.72287    -0.371191
4.72859    -0.370319
4.73431    -0.369395
4.74004    -0.370171
4.74576    -0.369663
4.75149    -0.36812
4.75721    -0.369704
4.76294    -0.368893
4.76866    -0.37021
4.77439    -0.369074
4.78011    -0.367771
4.78584    -0.368916
4.79156    -0.368423
4.79728    -0.366882
4.80301    -0.368429
4.80873    -0.36764
4.81446    -0.365754
4.82018    -0.367862
4.82591    -0.366604
4.83163    -0.367708
4.83736    -0.367162
4.84308    -0.365631
4.8488    -0.367189
4.85453    -0.3664
4.86025    -0.364493
4.86598    -0.366644
4.8717    -0.365364
4.87743    -0.366445
4.88315    -0.365921
4.88888    -0.364393
4.8946    -0.365981
4.90033    -0.365137
4.90605    -0.366302
4.91177    -0.365348
4.9175    -0.364123
4.92322    -0.365202
4.92895    -0.364709
4.93467    -0.363145
4.9404    -0.364717
4.94612    -0.36407
4.95185    -0.36506
4.95757    -0.364101
4.96329    -0.362863
4.96902    -0.363961
4.97474    -0.363367
4.98047    -0.361958
4.98619    -0.363468
4.99192    -0.362826
4.99764    -0.363802
5.00337    -0.362745
5.00909    -0.361414
5.01481    -0.363104
5.02054    -0.362119
5.02626    -0.360303
5.03199    -0.362221
5.03771    -0.361583
5.04344    -0.362567
5.04916    -0.361481
5.05489    -0.360184
5.06061    -0.361887
5.06634    -0.360853
5.07206    -0.359231
5.07778    -0.360978
5.08351    -0.360314
5.08923    -0.36132
5.09496    -0.360201
5.10068    -0.359069
5.10641    -0.360607
5.11213    -0.359605
5.11786    -0.357709
5.12358    -0.359761
5.1293    -0.359059
5.13503    -0.360073
5.14075    -0.358905
5.14648    -0.357727
5.1522    -0.359362
5.15793    -0.358369
5.16365    -0.356462
5.16938    -0.358414
5.1751    -0.357742
5.18083    -0.358892
5.18655    -0.357718
5.19227    -0.356346
5.198    -0.358125
5.20372    -0.35721
5.20945    -0.358246
5.21517    -0.35724
5.2209    -0.356611
5.22662    -0.357644
5.23235    -0.356435
5.23807    -0.355531
5.24379    -0.35688
5.24952    -0.355939
5.25524    -0.357045
5.26097    -0.355991
5.26669    -0.35508
5.27242    -0.356374
5.27814    -0.35529
5.28387    -0.354465
5.28959    -0.355467
5.29532    -0.35455
5.30104    -0.355667
5.30676    -0.354571
5.31249    -0.353604
5.31821    -0.354966
5.32394    -0.353868
5.32966    -0.353027
5.33539    -0.354059
5.34111    -0.353194
5.34684    -0.354253
5.35256    -0.353143
5.35828    -0.352264
5.36401    -0.353557
5.36973    -0.352581
5.37546    -0.351605
5.38118    -0.352654
5.38691    -0.35171
5.39263    -0.352829
5.39836    -0.35172
5.40408    -0.350934
5.4098    -0.352154
5.41553    -0.351156
5.42125    -0.350211
5.42698    -0.351295
5.4327    -0.350276
5.43843    -0.352077
5.44415    -0.350314
5.44988    -0.349525
5.4556    -0.350686
5.46133    -0.349751
5.46705    -0.348799
5.47277    -0.349891
5.4785    -0.348866
5.48422    -0.350642
5.48995    -0.348905
5.49567    -0.347991
5.5014    -0.34928
5.50712    -0.348207
5.51285    -0.347456
5.51857    -0.348385
5.52429    -0.347572
5.53002    -0.349196
5.53574    -0.347555
5.54147    -0.346586
5.54719    -0.347875
5.55292    -0.346676
5.55864    -0.346031
5.56437    -0.347057
5.57009    -0.346026
5.57582    -0.347792
5.58154    -0.346043
5.58726    -0.34525
5.59299    -0.346471
5.59871    -0.345338
5.60444    -0.344627
5.61016    -0.345872
5.61589    -0.344623
5.62161    -0.343295
5.62734    -0.344641
5.63306    -0.34392
5.63878    -0.345021
5.64451    -0.343988
5.65023    -0.343195
5.65596    -0.344451
5.66168    -0.343199
5.66741    -0.341893
5.67313    -0.343266
5.67886    -0.342467
5.68458    -0.343615
5.6903    -0.342588
5.69603    -0.34167
5.70175    -0.343046
5.70748    -0.341851
5.7132    -0.340466
5.71893    -0.341599
5.72465    -0.340976
5.73038    -0.342202
5.7361    -0.340991
5.74183    -0.34028
5.74755    -0.341352
5.75327    -0.340355
5.759    -0.339054
5.76472    -0.340276
5.77045    -0.339535
5.77617    -0.340782
5.7819    -0.339643
5.78762    -0.33882
5.79335    -0.339952
5.79907    -0.339014
5.80479    -0.337629
5.81052    -0.338749
5.81624    -0.338131
5.82197    -0.339073
5.82769    -0.338226
5.83342    -0.337389
5.83914    -0.338498
5.84487    -0.337549
5.85059    -0.336179
5.85632    -0.337703
5.86204    -0.336676
5.86776    -0.337588
5.87349    -0.336629
5.87921    -0.335868
5.88494    -0.336827
5.89066    -0.335897
5.89639    -0.334532
5.90211    -0.335953
5.90784    -0.334942
5.91356    -0.335894
5.91928    -0.33495
5.92501    -0.334266
5.93073    -0.335113
5.93646    -0.334195
5.94218    -0.332893
5.94791    -0.334251
5.95363    -0.333303
5.95936    -0.334341
5.96508    -0.333274
5.9708    -0.332475
5.97653    -0.333452
5.98225    -0.332559
5.98798    -0.33119
5.9937    -0.332247
5.99943    -0.331613
6.00515    -0.33263
6.01088    -0.33157
6.0166    -0.330815
6.02232    -0.331662
6.02805    -0.330791
6.03377    -0.329491
6.0395    -0.330562
6.04522    -0.329906
6.05095    -0.330975
6.05667    -0.329789
6.0624    -0.329113
6.06812    -0.329761
6.07385    -0.329006
6.07957    -0.328233
6.08529    -0.32888
6.09102    -0.328254
6.09674    -0.329177
6.10247    -0.328224
6.10819    -0.327416
6.11392    -0.32817
6.11964    -0.327317
6.12537    -0.326584
6.13109    -0.327231
6.13681    -0.326598
6.14254    -0.327395
6.14826    -0.326521
6.15399    -0.325967
6.15971    -0.326423
6.16544    -0.325848
6.17116    -0.3252
6.17689    -0.325705
6.18261    -0.325023
6.18833    -0.325813
6.19406    -0.324952
6.19978    -0.3244
6.20551    -0.324931
6.21123    -0.324326
6.21696    -0.323196
6.22268    -0.32421
6.22841    -0.323533
6.23413    -0.324256
6.23986    -0.323359
6.24558    -0.322683
6.2513    -0.323364
6.25703    -0.322744
6.26275    -0.321451
6.26848    -0.322813
6.2742    -0.321881
6.27993    -0.323112
6.28565    -0.321731
6.29138    -0.3207
6.2971    -0.321716
6.30282    -0.321034
6.30855    -0.319872
6.31427    -0.321038
6.32    -0.32016
6.32572    -0.321545
6.33145    -0.320367
6.33717    -0.319131
6.3429    -0.320092
6.34862    -0.319607
6.35434    -0.318091
6.36007    -0.319504
6.36579    -0.318596
6.37152    -0.320158
6.37724    -0.318665
6.38297    -0.317543
6.38869    -0.318656
6.39442    -0.31788
6.40014    -0.316517
6.40587    -0.317925
6.41159    -0.317031
6.41731    -0.318142
6.42304    -0.317156
6.42876    -0.31599
6.43449    -0.31694
6.44021    -0.316165
6.44594    -0.314935
6.45166    -0.316219
6.45739    -0.315373
6.46311    -0.313613
6.46883    -0.315191
6.47456    -0.314166
6.48028    -0.31504
6.48601    -0.314106
6.49173    -0.312533
6.49746    -0.314159
6.50318    -0.313489
6.50891    -0.311444
6.51463    -0.313216
6.52036    -0.311986
6.52608    -0.313069
6.5318    -0.312288
6.53753    -0.310555
6.54325    -0.312211
6.54898    -0.311356
6.5547    -0.309433
6.56043    -0.311133
6.56615    -0.310002
6.57188    -0.311043
6.5776    -0.31032
6.58332    -0.308255
6.58905    -0.310172
6.59477    -0.309378
6.6005    -0.310561
6.60622    -0.309164
6.61195    -0.308023
6.61767    -0.30932
6.6234    -0.308368
6.62912    -0.306401
6.63485    -0.308242
6.64057    -0.307576
6.64629    -0.308454
6.65202    -0.307179
6.65774    -0.306075
6.66347    -0.307359
6.66919    -0.306387
6.67492    -0.307507
6.68064    -0.306275
6.68637    -0.305615
6.69209    -0.30656
6.69781    -0.305206
6.70354    -0.303971
6.70926    -0.305737
6.71499    -0.304429
6.72071    -0.305397
6.72644    -0.304184
6.73216    -0.303683
6.73789    -0.304513
6.74361    -0.303242
6.74934    -0.302146
6.75506    -0.303772
6.76078    -0.30247
6.76651    -0.303411
6.77223    -0.302201
6.77796    -0.30172
6.78368    -0.302639
6.78941    -0.301365
6.79513    -0.300148
6.80086    -0.301417
6.80658    -0.300591
6.8123    -0.301604
6.81803    -0.300227
6.82375    -0.299475
6.82948    -0.300407
6.8352    -0.299385
6.84093    -0.298034
6.84665    -0.299548
6.85238    -0.298479
6.8581    -0.299371
6.86382    -0.298543
6.86955    -0.297763
6.87527    -0.298427
6.881    -0.297257
6.88672    -0.296318
6.89245    -0.297569
6.89817    -0.296579
6.9039    -0.297658
6.90962    -0.296585
6.91535    -0.295534
6.92107    -0.296455
6.92679    -0.295357
6.93252    -0.294264
6.93824    -0.295624
6.94397    -0.294431
6.94969    -0.295853
6.95542    -0.294488
6.96114    -0.293431
6.96687    -0.29465
6.97259    -0.293241
6.97831    -0.292524
6.98404    -0.293501
6.98976    -0.292322
6.99549    -0.293483
7.00121    -0.292887
7.00694    -0.291417
7.01266    -0.29267
7.01839    -0.291385
7.02411    -0.290643
7.02984    -0.291589
7.03556    -0.290104
7.04128    -0.291321
7.04701    -0.290156
7.05273    -0.289172
7.05846    -0.290335
7.06418    -0.289045
7.06991    -0.287916
7.07563    -0.28882
7.08136    -0.287449
7.08708    -0.288852
7.0928    -0.28768
7.09853    -0.28674
7.10425    -0.287725
7.10998    -0.286629
7.1157    -0.285763
7.12143    -0.286254
7.12715    -0.284957
7.13288    -0.287589
7.1386    -0.28516
7.14432    -0.284317
7.15005    -0.285496
7.15577    -0.28435
7.1615    -0.283047
7.16722    -0.283853
7.17295    -0.282821
7.17867    -0.284948
7.1844    -0.282867
7.19012    -0.281731
7.19585    -0.282903
7.20157    -0.2818
7.20729    -0.280474
7.21302    -0.281579
7.21874    -0.280659
7.22447    -0.282611
7.23019    -0.280486
7.23592    -0.279006
7.24164    -0.280197
7.24737    -0.279368
7.25309    -0.278226
7.25881    -0.279169
7.26454    -0.278233
7.27026    -0.279996
7.27599    -0.277934
7.28171    -0.276803
7.28744    -0.278214
7.29316    -0.27656
7.29889    -0.275402
7.30461    -0.27629
7.31033    -0.275587
7.31606    -0.274059
7.32178    -0.275434
7.32751    -0.273621
7.33323    -0.275827
7.33896    -0.274251
7.34468    -0.272487
7.35041    -0.273435
7.35613    -0.272977
7.36186    -0.271194
7.36758    -0.272877
7.3733    -0.271546
7.37903    -0.2732
7.38475    -0.270857
7.39048    -0.269405
7.3962    -0.271157
7.40193    -0.269919
7.40765    -0.26814
7.41338    -0.269729
7.4191    -0.268121
7.42482    -0.270192
7.43055    -0.267805
7.43627    -0.266778
7.442    -0.268043
7.44772    -0.266693
7.45345    -0.265286
7.45917    -0.266473
7.4649    -0.265551
7.47062    -0.263575
7.47635    -0.265019
7.48207    -0.26373
7.48779    -0.26534
7.49352    -0.263778
7.49924    -0.261872
7.50497    -0.263347
7.51069    -0.261795
7.51642    -0.261196
7.52213    -0.262179
7.52785    -0.260444
7.53357    -0.262343
7.53929    -0.260821
7.54501    -0.259293
7.55073    -0.260281
7.55644    -0.259891
7.56216    -0.257835
7.56788    -0.259127
7.5736    -0.258231
7.57932    -0.259524
7.58504    -0.25739
7.59075    -0.25617
7.59647    -0.257451
7.60219    -0.256954
7.60791    -0.254921
7.61363    -0.256085
7.61935    -0.254996
7.62507    -0.256223
7.63078    -0.254463
7.6365    -0.252726
7.64222    -0.254145
7.64794    -0.252374
7.65366    -0.254254
7.65938    -0.252575
7.6651    -0.250987
7.67081    -0.252772
7.67653    -0.253884
7.68225    -0.252312
7.68797    -0.254217
7.69369    -0.252524
7.69941    -0.250769
7.70513    -0.248936
7.71085    -0.250571
7.71656    -0.249294
7.72228    -0.247144
7.728    -0.248986
7.73372    -0.250472
7.73944    -0.245946
7.74516    -0.247315
7.75088    -0.245053
7.7566    -0.244306
7.76233    -0.245816
7.76805    -0.246735
7.77377    -0.245381
7.7795    -0.243823
7.78522    -0.242318
7.79095    -0.243862
7.79667    -0.241791
7.8024    -0.240842
7.80812    -0.242396
7.81384    -0.243638
7.81957    -0.241942
7.82529    -0.240367
7.83102    -0.241684
7.83674    -0.240559
7.84247    -0.242151
7.84819    -0.240192
7.85392    -0.239367
7.85964    -0.239836
7.86536    -0.238463
7.87109    -0.236781
7.87681    -0.237939
7.88254    -0.236678
7.88826    -0.237946
7.89399    -0.236358
7.89971    -0.235065
7.90544    -0.235662
7.91116    -0.234579
7.91689    -0.233254
7.92261    -0.233822
7.92833    -0.232521
7.93406    -0.233369
7.93978    -0.229556
7.94551    -0.230918
7.95123    -0.231551
7.95696    -0.230063
7.96268    -0.228915
7.96841    -0.229845
7.97413    -0.228385
7.97985    -0.229863
7.98558    -0.22468
7.9913    -0.226914
7.99703    -0.227393
8.00275    -0.226065
8.00848    -0.224977
8.0142    -0.225535
8.01993    -0.224259
8.02565    -0.225691
8.03137    -0.223774
8.0371    -0.222651
8.04282    -0.223694
8.04855    -0.222093
8.05427    -0.22084
8.06    -0.22139
8.06572    -0.22012
8.07145    -0.21811
8.07717    -0.220019
8.08289    -0.218507
8.08862    -0.219109
8.09434    -0.217775
8.10007    -0.216707
8.10579    -0.21773
8.11152    -0.215962
8.11724    -0.217447
8.12296    -0.212236
8.12869    -0.214368
8.13441    -0.214922
8.14014    -0.213379
8.14586    -0.212054
8.15159    -0.212607
8.15731    -0.211522
8.16304    -0.209494
8.16876    -0.210175
8.17448    -0.20899
8.18021    -0.209567
8.18593    -0.208025
8.19166    -0.206716
8.19738    -0.207288
8.20311    -0.205772
8.20883    -0.204135
8.21456    -0.204877
8.22028    -0.203719
8.226    -0.201063
8.23173    -0.202778
8.23745    -0.201469
8.24318    -0.202028
8.2489    -0.200525
8.25463    -0.201776
8.26035    -0.199861
8.26608    -0.198157
8.2718    -0.19871
8.27752    -0.197503
8.28325    -0.195756
8.28897    -0.19639
8.2947    -0.194513
8.30042    -0.192718
8.30615    -0.193483
8.31187    -0.192296
8.3176    -0.192551
8.32332    -0.191092
8.32904    -0.189763
8.33477    -0.190139
8.34049    -0.188659
8.34622    -0.186729
8.35194    -0.187795
8.35767    -0.186099
8.36339    -0.186985
8.36912    -0.185277
8.37484    -0.183774
8.38056    -0.184245
8.38629    -0.182221
8.39201    -0.180137
8.39774    -0.180872
8.40346    -0.179203
8.40919    -0.179327
8.41491    -0.177874
8.42064    -0.176243
8.42636    -0.17631
8.43208    -0.174711
8.43781    -0.172609
8.44353    -0.173528
8.44926    -0.171684
8.45498    -0.172179
8.46071    -0.16729
8.46643    -0.168718
8.47216    -0.169
8.47788    -0.167184
8.4836    -0.165287
8.48933    -0.165831
8.49505    -0.163977
8.50078    -0.164114
8.5065    -0.162467
8.51223    -0.16067
8.51795    -0.160749
8.52368    -0.159091
8.5294    -0.157041
8.53512    -0.157432
8.54085    -0.155599
8.54657    -0.152674
8.5523    -0.154068
8.55802    -0.152271
8.56375    -0.152336
8.56947    -0.150684
8.5752    -0.148493
8.58092    -0.14944
8.58664    -0.14716
8.59237    -0.14729
8.59809    -0.145634
8.60382    -0.14342
8.60954    -0.143545
8.61527    -0.14143
8.62099    -0.139215
8.62672    -0.139346
8.63244    -0.13711
8.63816    -0.137204
8.64389    -0.13515
8.64961    -0.132919
8.65534    -0.133256
8.66106    -0.13092
8.66679    -0.12872
8.67251    -0.129021
8.67824    -0.126617
8.68396    -0.126692
8.68968    -0.124633
8.69541    -0.122402
8.70113    -0.122539
8.70686    -0.120196
8.71258    -0.117775
8.71831    -0.117907
8.72403    -0.115456
8.72976    -0.115553
8.73548    -0.11327
8.7412    -0.110848
8.74693    -0.11096
8.75265    -0.108501
8.75838    -0.106077
8.7641    -0.103007
8.76983    -0.103624
8.77555    -0.104008
8.78128    -0.101148
8.787    -0.0987098
8.79272    -0.098708
8.79845    -0.096226
8.80417    -0.0933827
8.8099    -0.0933554
8.81562    -0.0904985
8.82135    -0.0904371
8.82707    -0.0875779
8.8328    -0.0847162
8.83852    -0.0846985
8.84424    -0.0817895
8.84997    -0.0789375
8.85569    -0.0789218
8.86142    -0.0760586
8.86714    -0.0762065
8.87287    -0.0731308
8.87859    -0.0702777
8.88432    -0.0702619
8.89004    -0.0673538
8.89577    -0.0642921
8.90149    -0.0642837
8.90721    -0.0612175
8.91294    -0.0611632
8.91866    -0.0580999
8.92439    -0.0550513
8.93011    -0.0550368
8.93584    -0.0519283
8.94156    -0.0488744
8.94729    -0.0488476
8.95301    -0.0457994
8.95874    -0.0426833
8.96446    -0.042673
8.97018    -0.0396067
8.97591    -0.0396069
8.98163    -0.0364773
8.98736    -0.0364817
9.01006    -0.0363773
9.03276    -0.036283
9.05547    -0.036213
9.07817    -0.0361201
9.10087    -0.036058
9.12358    -0.0359702
9.14628    -0.0358973
9.16898    -0.0358094
9.19169    -0.035735
9.21439    -0.0356474
9.2371    -0.0355794
9.2598    -0.0354918
9.28251    -0.0354153
9.30521    -0.0353411
9.32791    -0.0352535
9.35062    -0.0351775
9.37332    -0.0350855
9.39602    -0.0350147
9.41873    -0.0349398
9.44143    -0.034841
9.46413    -0.0347687
9.48684    -0.0347238
9.50954    -0.0346527
9.53224    -0.0345732
9.55494    -0.0344871
9.57765    -0.0344076
9.60035    -0.0343199
9.62305    -0.0342421
9.64575    -0.03417
9.66846    -0.0340845
9.69116    -0.0339935
9.71386    -0.0339178
9.73656    -0.0338287
9.75927    -0.0337573
9.78197    -0.033661
9.80467    -0.0335828
9.82737    -0.0335017
9.85008    -0.0334237
9.87278    -0.0333326
9.89548    -0.0332615
9.91819    -0.0331724
9.94089    -0.0331004
9.96359    -0.033012
9.9863    -0.0329286
10.009    -0.0328562
10.0317    -0.0327611
10.0544    -0.032677
10.0771    -0.0326025
10.0998    -0.0325175
10.1225    -0.0324359
10.1452    -0.0323481
10.1679    -0.0322737
10.1906    -0.0321842
10.2133    -0.032097
10.236    -0.0320143
10.2587    -0.0319303
10.2814    -0.0318541
10.3041    -0.0317705
10.3268    -0.0316823
10.3496    -0.0315966
10.3723    -0.0315039
10.395    -0.0314097
10.4177    -0.0313394
10.4404    -0.0312499
10.4631    -0.0311609
10.4858    -0.0310773
10.5085    -0.031012
10.5312    -0.0309444
10.5539    -0.0308802
10.5766    -0.0308052
10.5993    -0.0307401
10.622    -0.0306788
10.6447    -0.0306125
10.6674    -0.0305542
10.6901    -0.0304935
10.7128    -0.0304304
10.7355    -0.0303688
10.7582    -0.0302991
10.7809    -0.0302277
10.8036    -0.0301597
10.8263    -0.0301081
10.849    -0.0300363
10.8717    -0.0299786
10.8944    -0.0299154
10.9171    -0.0298551
10.9398    -0.0297912
10.9625    -0.0297296
10.9852    -0.0296642
11.0079    -0.0295928
11.0307    -0.0295325
11.0534    -0.0294637
11.0761    -0.0293999
11.0988    -0.0293342
11.1215    -0.029276
11.1442    -0.0292089
11.1669    -0.0291474
11.1896    -0.0290803
11.2123    -0.0290203
11.235    -0.0289489
11.2577    -0.0288829
11.2804    -0.0288234
11.3031    -0.0287557
11.3258    -0.0286994
11.3485    -0.0286343
11.3712    -0.0285706
11.3939    -0.0285582
11.4166    -0.0284484
11.4393    -0.0284201
11.462    -0.0283517
11.4847    -0.0282972
11.5074    -0.028226
11.5301    -0.0281647
11.5528    -0.0280923
11.5755    -0.0280343
11.5982    -0.0279661
11.6209    -0.0279096
11.6436    -0.0278395
11.6663    -0.0277727
11.689    -0.0277124
11.7117    -0.0276425
11.7344    -0.0275896
11.7571    -0.0275079
11.7798    -0.0274525
11.8025    -0.0273835
11.8252    -0.0273288
11.848    -0.0272519
11.8707    -0.027189
11.8934    -0.0271238
11.9161    -0.0270658
11.9388    -0.0269967
11.9615    -0.0269306
11.9842    -0.0268661
12.0069    -0.0267985
12.0296    -0.0267321
12.0523    -0.026661
12.075    -0.0266053
12.0977    -0.0265295
12.1204    -0.0264685
12.1431    -0.0264021
12.1658    -0.0263325
12.1885    -0.0262672
12.2112    -0.0262066
12.2339    -0.0261316
12.2566    -0.0260674
12.2793    -0.0259983
12.302    -0.0259299
12.3247    -0.0258694
12.3474    -0.0257937
12.3701    -0.0257322
12.3928    -0.0256607
12.4155    -0.0255963
12.4382    -0.0255339
12.4609    -0.0254684
12.4836    -0.025405
12.5063    -0.0253386
12.529    -0.0252672
12.5517    -0.0252068
12.5745    -0.0251475
12.5972    -0.0250745
12.6199    -0.0250149
12.6426    -0.0249312
12.6653    -0.0248762
12.688    -0.0248027
12.7107    -0.0247339
12.7334    -0.0246662
12.7561    -0.024599
12.7788    -0.0245368
12.8015    -0.0244646
12.8242    -0.024394
12.8469    -0.0243251
12.8696    -0.0242612
12.8923    -0.0241915
12.915    -0.0241237
12.9378    -0.0240486
12.9605    -0.0239854
12.9832    -0.0239213
13.0059    -0.0238431
13.0286    -0.0237834
13.0513    -0.0237113
13.074    -0.023641
13.0967    -0.0235606
13.1194    -0.0235006
13.1421    -0.0234263
13.1648    -0.0233545
13.1875    -0.0232788
13.2102    -0.0232107
13.2329    -0.0231371
13.2556    -0.0230747
13.2783    -0.0230508
13.301    -0.0229782
13.3237    -0.022908
13.3464    -0.0228284
13.3691    -0.022767
13.3918    -0.0226957
13.4145    -0.0226241
13.4372    -0.0225555
13.4599    -0.0224567
13.4826    -0.0223975
13.5053    -0.0223469
13.528    -0.0222889
13.5507    -0.0222384
13.5734    -0.022184
13.5961    -0.0221794
13.6188    -0.0221265
13.6415    -0.0220714
13.6642    -0.0220143
13.6869    -0.0219107
13.7097    -0.021859
13.7324    -0.0218052
13.7551    -0.0218008
13.7778    -0.0216989
13.8005    -0.021649
13.8232    -0.0216365
13.8459    -0.0215853
13.8686    -0.0214817
13.8913    -0.0214752
13.914    -0.0213719
13.9367    -0.0213651
13.9594    -0.0213099
13.9821    -0.0212549
14.0048    -0.0211509
14.0275    -0.02109
14.0502    -0.0210826
14.0729    -0.0210272
14.0956    -0.020975
14.1183    -0.0208707
14.141    -0.0208176
14.1637    -0.020814
14.1864    -0.0207128
14.2091    -0.0206576
14.2318    -0.0206043
14.2546    -0.0205944
14.2773    -0.0204911
14.3    -0.0204357
14.3227    -0.0204287
14.3454    -0.0203733
14.3681    -0.020269
14.3908    -0.0202163
14.4135    -0.0201611
14.4362    -0.0201022
14.4589    -0.0200463
14.4816    -0.0199904
14.5043    -0.019938
14.527    -0.0198775
14.5497    -0.0198725
14.5724    -0.0197685
14.5951    -0.0197639
14.6178    -0.0196629
14.6405    -0.0196018
14.6632    -0.0195945
14.6859    -0.0194925
14.7086    -0.0194363
14.7313    -0.019378
14.754    -0.0193707
14.7767    -0.0193153
14.7994    -0.019211
14.8221    -0.0191548
14.8448    -0.019096
14.8675    -0.0190902
14.8902    -0.0189858
14.9129    -0.0189301
14.9356    -0.0188745
14.9584    -0.0188163
14.9811    -0.0187607
15.0038    -0.0187554
15.0265    -0.0186511
15.0492    -0.0186007
15.0719    -0.0185851
15.0946    -0.0184833
15.1173    -0.0184762
15.14    -0.0183723
15.1627    -0.0183169
15.1854    -0.0182579
15.2081    -0.0182026
15.2308    -0.0181945
15.2535    -0.0180898
15.2762    -0.0180368
15.2989    -0.0180297
15.3216    -0.0179258
15.3443    -0.0178701
15.367    -0.017812
15.3897    -0.0177591
15.4124    -0.0177492
15.4351    -0.0176913
15.4578    -0.0175927
15.4805    -0.0175345
15.5032    -0.0175272
15.5259    -0.0174715
15.5486    -0.0174133
15.5713    -0.017309
15.594    -0.0172483
15.6167    -0.0172375
15.6394    -0.0171278
15.6621    -0.0171236
15.6848    -0.0170652
15.7075    -0.0170102
15.7303    -0.0169572
15.753    -0.0168997
15.7757    -0.0168421
15.7984    -0.0167899
15.8211    -0.0167298
15.8438    -0.0166746
15.8665    -0.0166196
15.8892    -0.0165646
15.9119    -0.0165095
15.9346    -0.0164523
15.9573    -0.0163972
15.98    -0.0163422
16.0027    -0.0162874
16.0254    -0.016181
16.0481    -0.0161206
16.0708    -0.0160679
16.0935    -0.0160617
16.1162    -0.0159992
16.1389    -0.015944
16.1616    -0.0158357
16.1843    -0.0157775
16.207    -0.0157251
16.2297    -0.0156674
16.2524    -0.01561
16.2751    -0.0155463
16.2978    -0.0154903
16.3205    -0.0154296
16.3432    -0.0153716
16.3659    -0.0153133
16.3886    -0.0152622
16.4113    -0.0152119
16.434    -0.0151615
16.4567    -0.0151108
16.4795    -0.01506
16.5022    -0.0150063
16.5249    -0.0149585
16.5476    -0.0149083
16.5703    -0.0148545
16.593    -0.0148035
16.6157    -0.014753
16.6384    -0.0147025
16.6611    -0.0146523
16.6838    -0.0146015
16.7065    -0.0145506
16.7292    -0.0144975
16.7519    -0.0144464
16.7746    -0.014398
16.7973    -0.0143454
16.82    -0.0142943
16.8427    -0.0142436
16.8654    -0.0141932
16.8881    -0.0141422
16.9108    -0.0140888
16.9335    -0.0140378
16.9562    -0.0139873
16.9789    -0.0139367
17.0016    -0.0138856
17.0243    -0.0138352
17.047    -0.0137848
17.0697    -0.0137349
17.0924    -0.013685
17.1151    -0.0136345
17.1378    -0.0135835
17.1605    -0.0135303
17.1832    -0.013482
17.2059    -0.0134282
17.2287    -0.0133778
17.2514    -0.013327
17.2741    -0.0132763
17.2968    -0.0132259
17.3195    -0.0131754
17.3422    -0.0131215
17.3649    -0.0130731
17.3876    -0.0130199
17.4103    -0.0129696
17.433    -0.0129191
17.4557    -0.0128651
17.4784    -0.012817
17.5011    -0.0127639
17.5238    -0.0127128
17.5465    -0.0126594
17.5692    -0.0126093
17.5919    -0.0125586
17.6146    -0.0125087
17.6373    -0.0124574
17.66    -0.0124043
17.6827    -0.0123055
17.7054    -0.0122542
17.7281    -0.0122526
17.7508    -0.0122028
17.7735    -0.012101
17.7962    -0.0120511
17.8189    -0.0119978
17.8416    -0.0119985
17.8643    -0.0119455
17.887    -0.0118465
17.9097    -0.0117959
17.9324    -0.011794
17.9551    -0.0116929
17.9778    -0.0116399
18.0006    -0.0115893
18.0233    -0.011539
18.046    -0.0114887
18.0687    -0.0114358
18.0914    -0.0113853
18.1141    -0.0113323
18.1368    -0.0112818
18.1595    -0.0112316
18.1822    -0.0111786
18.2049    -0.0111284
18.2276    -0.011078
18.2503    -0.0110251
18.273    -0.0109746
18.2957    -0.0109217
18.3184    -0.0108687
18.3411    -0.0108209
18.3638    -0.0107195
18.3865    -0.0107177
18.4092    -0.0106647
18.4319    -0.0106142
18.4546    -0.0105638
18.4773    -0.0104625
18.5    -0.010458
18.5227    -0.0104048
18.5454    -0.0103032
18.5681    -0.0102527
18.5908    -0.0102024
18.6135    -0.0101494
18.6362    -0.0100991
18.6589    -0.0100464
18.6816    -0.00999334
18.7043    -0.00994276
18.727    -0.00988994
18.7497    -0.00983667
18.7725    -0.00978602
18.7952    -0.00973317
18.8179    -0.00968271
18.8406    -0.00962958
18.8633    -0.00957644
18.886    -0.00952564
18.9087    -0.00947271
18.9314    -0.00941965
18.9541    -0.00936882
18.9768    -0.00926704
18.9995    -0.00921399
19.0222    -0.00920639
19.0449    -0.00910708
19.0676    -0.00905368
19.0903    -0.00900278
19.113    -0.00894697
19.1357    -0.00889359
19.1584    -0.0088428
19.1811    -0.00873832
19.2038    -0.00868727
19.2265    -0.00868468
19.2492    -0.00862858
19.2719    -0.00852911
19.2946    -0.00847564
19.3173    -0.00842721
19.3402    -0.00837877
19.3631    -0.00833034
19.386    -0.00828191
19.4088    -0.00823348
19.4317    -0.00813661
19.4546    -0.00813661
19.4775    -0.00808818
19.5003    -0.00799132
19.5232    -0.00794288
19.5461    -0.00789445
19.5689    -0.00784602
19.5918    -0.00774915
19.6147    -0.00774915
19.6376    -0.00770072
19.6604    -0.00760386
19.6833    -0.00755542
19.7062    -0.00750699
19.7291    -0.00745856
19.7519    -0.00741013
19.7748    -0.00736169
19.7977    -0.00726483
19.8206    -0.0072164
19.8434    -0.00716796
19.8663    -0.00711953
19.8892    -0.0070711
19.9121    -0.00702266
19.9349    -0.00697423
19.9578    -0.0069258
19.9807    -0.00687737
20.0036    -0.00682894
20.0264    -0.00678051
20.0493    -0.00668365
20.0722    -0.00668365
20.0951    -0.00658678
20.1179    -0.00653835
20.1408    -0.00648992
20.1637    -0.00644149
20.1866    -0.00639305
20.2094    -0.00629619
20.2323    -0.00629619
20.2552    -0.00619932
20.278    -0.00615089
20.3009    -0.00610246
20.3238    -0.00605402
20.3467    -0.00600559
20.3695    -0.00590872
20.3924    -0.00586029
20.4153    -0.00581186
20.4382    -0.00576343
20.461    -0.00571499
20.4839    -0.00561813
20.5068    -0.0055697
20.5297    -0.00552127
20.5525    -0.0054244
20.5754    -0.00537597
20.5983    -0.00532754
20.6212    -0.00523067
20.644    -0.00518224
20.6669    -0.00513381
20.6898    -0.00508538
20.7127    -0.00503695
20.7355    -0.00494008
20.7584    -0.00489165
20.7813    -0.00484322
20.8042    -0.00474635
20.827    -0.00469792
20.8499    -0.00464949
20.8728    -0.00460106
20.8956    -0.00455262
20.9185    -0.00445576
20.9414    -0.00440733
20.9643    -0.00431046
20.9871    -0.0042136
21.01    -0.00416517
21.0329    -0.00411673
21.0558    -0.00401987
21.0786    -0.00397143
21.1015    -0.00387457
21.1244    -0.00387457
21.1473    -0.00377771
21.1701    -0.00368085
21.193    -0.00363241
21.2159    -0.00353555
21.2388    -0.00353555
21.2616    -0.00343868
21.2845    -0.00334182
21.3074    -0.00329339
21.3303    -0.00319652
21.3531    -0.00314809
21.376    -0.00309966
21.3989    -0.00300279
21.4218    -0.00290593
21.4446    -0.00285749
21.4675    -0.00276063
21.4904    -0.00266376
21.5132    -0.00261533
21.5361    -0.00251847
21.559    -0.00247004
21.5819    -0.00237318
21.6047    -0.00227631
21.6276    -0.00222788
21.6505    -0.00217944
21.6734    -0.00203415
21.6962    -0.00198571
21.7191    -0.00193728
21.742    -0.00184042
21.7649    -0.00174355
21.7877    -0.00164669
21.8106    -0.00159826
21.8335    -0.00150139
21.8564    -0.00145296
21.8792    -0.00135609
21.9021    -0.00125923
21.925    -0.00116238
21.9479    -0.00106551
21.9707    -0.000968648
21.9936    -0.000871782
22.0165    -0.000823349
22.0394    -0.000678052
22.0622    -0.00058119
22.0851    -0.000532758
22.108    -0.000435896
22.1308    -0.00033903
22.1537    -0.000290597
22.1766    -0.000145298
22.1995    -9.68653e-05
