TIME[ns],    Itot[uA],
0    -2.92453e-07
0.000195448    -2.92476e-07
17.9434    -2.80302e-07
35.8865    -2.76363e-07
53.8296    -2.73081e-07
71.7727    -2.67431e-07
89.7154    -2.61593e-07
107.658    -2.55467e-07
125.601    -2.48907e-07
143.544    -2.44885e-07
161.487    -2.46838e-07
179.43    -2.44142e-07
197.373    -2.38219e-07
215.315    -2.30111e-07
233.258    -2.24002e-07
251.201    -2.29037e-07
269.144    -2.23214e-07
287.087    -2.14265e-07
305.03    -2.22822e-07
322.973    -2.11959e-07
340.916    -2.08183e-07
358.859    -2.11212e-07
376.802    -2.04983e-07
394.744    -2.13974e-07
412.687    -2.01925e-07
430.63    -2.07976e-07
448.573    -2.01681e-07
466.515    -2.09099e-07
484.458    -1.97723e-07
502.401    -2.04631e-07
520.344    -1.97278e-07
538.287    -1.85517e-07
556.23    -1.9633e-07
574.172    -1.8275e-07
592.115    -1.90847e-07
610.058    -1.82215e-07
628.001    -1.86732e-07
645.944    -1.90105e-07
663.886    -1.85683e-07
681.829    -1.89479e-07
699.772    -1.76011e-07
717.714    -1.85941e-07
735.657    -1.75684e-07
753.6    -1.81087e-07
771.543    -1.85451e-07
789.486    -1.75986e-07
807.429    -1.80623e-07
825.372    -1.73094e-07
843.315    -1.75771e-07
861.258    -1.66126e-07
879.201    -1.72365e-07
897.144    -1.62009e-07
915.087    -1.65394e-07
933.03    -1.71722e-07
950.973    -1.60382e-07
968.916    -1.64915e-07
986.859    -1.71547e-07
1004.8    -1.59772e-07
1022.75    -1.63598e-07
1040.69    -1.68838e-07
1058.63    -1.59257e-07
1076.57    -1.62976e-07
1094.52    -1.67133e-07
1112.46    -1.58767e-07
1130.4    -1.62476e-07
1148.35    -1.64415e-07
1166.29    -1.56955e-07
1184.23    -1.61817e-07
1202.18    -1.64252e-07
1220.12    -1.56549e-07
1238.06    -1.56577e-07
1256    -1.63221e-07
1273.95    -1.5482e-07
1291.89    -1.5488e-07
1309.83    -1.60199e-07
1327.78    -1.52778e-07
1345.72    -1.54109e-07
1363.66    -1.5857e-07
1381.61    -1.65787e-07
1399.55    -1.52519e-07
1417.49    -1.57385e-07
1435.44    -1.63644e-07
1453.38    -1.52174e-07
1471.32    -1.557e-07
1489.26    -1.62873e-07
1507.21    -1.49692e-07
1525.15    -1.54596e-07
1543.09    -1.59535e-07
1561.04    -1.49253e-07
1578.98    -1.52917e-07
1596.92    -1.58467e-07
1614.87    -1.44916e-07
1632.81    -1.50184e-07
1650.75    -1.54813e-07
1668.7    -1.44842e-07
1686.64    -1.4815e-07
1704.58    -1.50437e-07
1722.52    -1.40831e-07
1740.47    -1.42464e-07
1758.41    -1.49533e-07
1776.35    -1.36793e-07
1794.3    -1.39854e-07
1812.24    -1.42166e-07
1830.18    -1.32366e-07
1848.13    -1.36681e-07
1866.07    -1.39794e-07
1884.01    -1.41186e-07
1901.95    -1.3075e-07
1919.9    -1.36336e-07
1937.84    -1.39503e-07
1955.78    -1.41008e-07
1973.73    -1.43304e-07
1991.67    -1.36271e-07
2009.61    -1.39336e-07
2027.56    -1.39311e-07
2045.5    -1.4305e-07
2063.44    -1.34306e-07
2081.39    -1.38704e-07
2099.33    -1.39239e-07
2117.27    -1.42873e-07
2135.22    -1.34142e-07
2153.16    -1.36391e-07
2171.1    -1.39062e-07
2189.04    -1.42755e-07
2206.99    -1.33976e-07
2224.93    -1.36149e-07
2242.87    -1.3713e-07
2260.82    -1.426e-07
2278.76    -1.33757e-07
2296.7    -1.36037e-07
2314.65    -1.36556e-07
2332.59    -1.40591e-07
2350.53    -1.33632e-07
2368.47    -1.35871e-07
2386.42    -1.36362e-07
2404.36    -1.40084e-07
2422.3    -1.31644e-07
2440.25    -1.33457e-07
2458.19    -1.36233e-07
2476.13    -1.38508e-07
2494.08    -1.31095e-07
2512.02    -1.31565e-07
2529.96    -1.36022e-07
2547.91    -1.36177e-07
2565.85    -1.29615e-07
2583.79    -1.31031e-07
2601.73    -1.34087e-07
2619.68    -1.35932e-07
2637.62    -1.26028e-07
2655.56    -1.29454e-07
2673.51    -1.33647e-07
2691.45    -1.34011e-07
2709.39    -1.24429e-07
2727.34    -1.29184e-07
2745.28    -1.29764e-07
2763.22    -1.33479e-07
2781.16    -1.36187e-07
2799.11    -1.2867e-07
2817.05    -1.29088e-07
2834.99    -1.2962e-07
2852.94    -1.33303e-07
2870.88    -1.27256e-07
2888.82    -1.28608e-07
2906.77    -1.29026e-07
2924.71    -1.29528e-07
2942.65    -1.21037e-07
2960.6    -1.27082e-07
2978.54    -1.28256e-07
2996.48    -1.28965e-07
3014.43    -1.15881e-07
3032.37    -1.20945e-07
3050.31    -1.26819e-07
3068.25    -1.2811e-07
3086.2    -1.28613e-07
3104.14    -1.15795e-07
3122.08    -1.20882e-07
3140.03    -1.26758e-07
3157.97    -1.27847e-07
3175.91    -1.28468e-07
3193.86    -1.15696e-07
3211.8    -1.20794e-07
3229.74    -1.26696e-07
3247.69    -1.27538e-07
3265.63    -1.28205e-07
3283.57    -1.15397e-07
3301.51    -1.20692e-07
3319.46    -1.26604e-07
3337.4    -1.27475e-07
3355.34    -1.28142e-07
3373.29    -1.15061e-07
3391.23    -1.20395e-07
3409.17    -1.26503e-07
3427.12    -1.27362e-07
3445.06    -1.28065e-07
3463    -1.14999e-07
3480.94    -1.20059e-07
3498.89    -1.26146e-07
3516.83    -1.27291e-07
3534.77    -1.27976e-07
3552.72    -1.14913e-07
3570.66    -1.1858e-07
3588.6    -1.25947e-07
3606.55    -1.27166e-07
3624.49    -1.27895e-07
3642.43    -1.14814e-07
3660.38    -1.18494e-07
3678.32    -1.25811e-07
3696.26    -1.2673e-07
3714.2    -1.27738e-07
3732.15    -1.14752e-07
3750.09    -1.18395e-07
3768.03    -1.25725e-07
3785.98    -1.26569e-07
3803.92    -1.27333e-07
3821.86    -1.14595e-07
3839.81    -1.18333e-07
3857.75    -1.25241e-07
3875.69    -1.26481e-07
3893.63    -1.27173e-07
3911.58    -1.14429e-07
3929.52    -1.18175e-07
3947.46    -1.25179e-07
3965.41    -1.26408e-07
3983.35    -1.27074e-07
4001.29    -1.14107e-07
4019.24    -1.15798e-07
4037.18    -1.25029e-07
4055.12    -1.25503e-07
4073.07    -1.27022e-07
4091.01    -1.13939e-07
4108.95    -1.15475e-07
4126.89    -1.22665e-07
4144.84    -1.25238e-07
4162.78    -1.26498e-07
4180.72    -1.13873e-07
4198.67    -1.15307e-07
4216.61    -1.19049e-07
4234.55    -1.25151e-07
4252.49    -1.26264e-07
4270.44    -1.13281e-07
4288.38    -1.138e-07
4306.32    -1.18876e-07
4324.27    -1.25052e-07
4342.21    -1.26178e-07
4360.15    -1.26698e-07
4378.1    -1.13643e-07
4396.04    -1.18816e-07
4413.98    -1.24754e-07
4431.93    -1.26078e-07
4449.87    -1.26613e-07
4467.81    -1.13042e-07
4485.76    -1.18654e-07
4503.7    -1.24618e-07
4521.64    -1.2578e-07
4539.58    -1.26513e-07
4557.53    -1.12956e-07
4575.47    -1.18027e-07
4593.41    -1.24461e-07
4611.36    -1.25366e-07
4629.3    -1.26451e-07
4647.24    -1.12856e-07
4665.19    -1.17966e-07
4683.13    -1.24269e-07
4701.07    -1.25241e-07
4719.02    -1.25875e-07
4736.96    -1.12796e-07
4754.9    -1.17866e-07
4772.85    -1.23734e-07
4790.79    -1.25051e-07
4808.73    -1.25164e-07
4826.67    -1.12393e-07
4844.62    -1.17801e-07
4862.56    -1.23673e-07
4880.5    -1.24517e-07
4898.45    -1.24973e-07
4916.39    -1.11891e-07
4934.33    -1.17396e-07
4952.28    -1.23612e-07
4970.22    -1.24455e-07
4988.16    -1.24438e-07
5006.11    -1.1183e-07
5024.05    -1.16892e-07
5041.99    -1.23446e-07
5059.94    -1.23517e-07
5077.88    -1.24387e-07
5095.82    -1.1173e-07
5113.76    -1.16822e-07
5131.71    -1.22954e-07
5149.65    -1.23315e-07
5167.59    -1.24296e-07
5185.54    -1.11233e-07
5203.48    -1.16731e-07
5221.42    -1.22222e-07
5239.37    -1.22885e-07
5257.31    -1.23247e-07
5275.25    -1.1115e-07
5293.2    -1.16232e-07
5311.14    -1.22161e-07
5329.08    -1.22155e-07
5347.02    -1.23056e-07
5364.97    -1.10079e-07
5382.91    -1.14735e-07
5400.85    -1.22094e-07
5418.8    -1.22092e-07
5436.74    -1.2247e-07
5454.68    -1.099e-07
5472.63    -1.14511e-07
5490.57    -1.20152e-07
5508.51    -1.22033e-07
5526.46    -1.22026e-07
5544.4    -1.09574e-07
5562.34    -1.13486e-07
5580.28    -1.19941e-07
5598.23    -1.21439e-07
5616.17    -1.21935e-07
5634.11    -1.08884e-07
5652.06    -1.1098e-07
5670    -1.18898e-07
5687.94    -1.19775e-07
5705.89    -1.2134e-07
5723.83    -1.08793e-07
5741.77    -1.10672e-07
5759.71    -1.14461e-07
5777.66    -1.18833e-07
5795.6    -1.19702e-07
5813.54    -1.08127e-07
5831.49    -1.10174e-07
5849.43    -1.10862e-07
5867.37    -1.16577e-07
5885.32    -1.19612e-07
5903.26    -1.0604e-07
5921.2    -1.08511e-07
5939.15    -1.10109e-07
5957.09    -1.10803e-07
5975.03    -1.1871e-07
5992.98    -1.19551e-07
6010.92    -1.07389e-07
6028.86    -1.08443e-07
6046.8    -1.10045e-07
6064.75    -1.14008e-07
6082.69    -1.18647e-07
6100.63    -1.19488e-07
6118.58    -1.07732e-07
6136.52    -1.09824e-07
6154.46    -1.10369e-07
6172.41    -1.14181e-07
6190.35    -1.19432e-07
6208.29    -1.0583e-07
6226.23    -1.08179e-07
6244.18    -1.09749e-07
6262.12    -1.10562e-07
6280.06    -1.16296e-07
6298.01    -1.19363e-07
6315.95    -1.07184e-07
6333.89    -1.08116e-07
6351.84    -1.09683e-07
6369.78    -1.10426e-07
6387.72    -1.18425e-07
6405.67    -1.19299e-07
6423.61    -1.0711e-07
6441.55    -1.08047e-07
6459.5    -1.09927e-07
6477.44    -1.13659e-07
6495.38    -1.18105e-07
6513.32    -1.19206e-07
6531.27    -1.0748e-07
6549.21    -1.09429e-07
6567.15    -1.10087e-07
6585.1    -1.15764e-07
6603.04    -1.18885e-07
6620.98    -1.05544e-07
6638.93    -1.0793e-07
6656.87    -1.09364e-07
6674.81    -1.1003e-07
6692.76    -1.17835e-07
6710.7    -1.18825e-07
6728.64    -1.06895e-07
6746.59    -1.07864e-07
6764.53    -1.09328e-07
6782.47    -1.13265e-07
6800.41    -1.17773e-07
6818.36    -1.18763e-07
6836.3    -1.06807e-07
6854.24    -1.09246e-07
6872.19    -1.09654e-07
6890.13    -1.13204e-07
6908.07    -1.18531e-07
6926.02    -1.05097e-07
6943.96    -1.07693e-07
6961.9    -1.09153e-07
6979.85    -1.09846e-07
6997.79    -1.15322e-07
7015.73    -1.18464e-07
7033.67    -1.05037e-07
7051.62    -1.07632e-07
7069.56    -1.09088e-07
7087.5    -1.09789e-07
7105.45    -1.17452e-07
7123.39    -1.18402e-07
7141.33    -1.06305e-07
7159.28    -1.07565e-07
7177.22    -1.09418e-07
7195.16    -1.13023e-07
7213.11    -1.17396e-07
7231.05    -1.18235e-07
7248.99    -1.0618e-07
7266.94    -1.08714e-07
7284.88    -1.09357e-07
7302.82    -1.15142e-07
7320.76    -1.18177e-07
7338.71    -1.04576e-07
7356.65    -1.0704e-07
7374.59    -1.08641e-07
7392.54    -1.0955e-07
7410.48    -1.17245e-07
7428.42    -1.18116e-07
7446.37    -1.05927e-07
7464.31    -1.06973e-07
7482.25    -1.08572e-07
7500.2    -1.12786e-07
7518.14    -1.17185e-07
7536.08    -1.18043e-07
7554.02    -1.05863e-07
7571.97    -1.08355e-07
7589.91    -1.08928e-07
7607.85    -1.12725e-07
7625.8    -1.17098e-07
7643.74    -1.04396e-07
7661.68    -1.06311e-07
7679.63    -1.07853e-07
7697.57    -1.08847e-07
7715.51    -1.14832e-07
7733.45    -1.17866e-07
7751.4    -1.04329e-07
7769.34    -1.06249e-07
7787.28    -1.07791e-07
7805.23    -1.08972e-07
7823.17    -1.16967e-07
7841.11    -1.17807e-07
7859.06    -1.0565e-07
7877    -1.06182e-07
7894.94    -1.07757e-07
7912.89    -1.12129e-07
7930.83    -1.16905e-07
7948.77    -1.17743e-07
7966.72    -1.05564e-07
7984.66    -1.07565e-07
8002.6    -1.07975e-07
8020.54    -1.14247e-07
8038.49    -1.16602e-07
8056.43    -1.04083e-07
8074.37    -1.06014e-07
8092.32    -1.07502e-07
8110.26    -1.07918e-07
8128.2    -1.16133e-07
8146.15    -1.17348e-07
8164.09    -1.04019e-07
8182.03    -1.05947e-07
8199.98    -1.07431e-07
8217.92    -1.11156e-07
8235.86    -1.1607e-07
8253.8    -1.17223e-07
8271.75    -1.05372e-07
8289.69    -1.0733e-07
8307.63    -1.07375e-07
8325.58    -1.11094e-07
8343.52    -1.16009e-07
8361.46    -1.03579e-07
8379.41    -1.05307e-07
8397.35    -1.07266e-07
8415.29    -1.07674e-07
8433.23    -1.1321e-07
8451.18    -1.15504e-07
8469.12    -1.03512e-07
8487.06    -1.05729e-07
8505.01    -1.07193e-07
8522.95    -1.07616e-07
8540.89    -1.15344e-07
8558.84    -1.15443e-07
8576.78    -1.03446e-07
8594.72    -1.05663e-07
8612.67    -1.07121e-07
8630.61    -1.10853e-07
8648.55    -1.15277e-07
8666.5    -1.1538e-07
8684.44    -1.02469e-07
8702.38    -1.0698e-07
8720.32    -1.07096e-07
8738.27    -1.1041e-07
8756.21    -1.15164e-07
8774.15    -1.01629e-07
8792.1    -1.02406e-07
8810.04    -1.06682e-07
8827.98    -1.07006e-07
8845.93    -1.12516e-07
8863.87    -1.15098e-07
8881.81    -1.01563e-07
8899.75    -1.02609e-07
8917.7    -1.06619e-07
8935.64    -1.0695e-07
8953.58    -1.1465e-07
8971.53    -1.15037e-07
8989.47    -1.015e-07
9007.41    -1.02543e-07
9025.36    -1.06551e-07
9043.3    -1.10187e-07
9061.24    -1.1241e-07
9079.19    -1.14982e-07
9097.13    -1.01416e-07
9115.07    -1.03928e-07
9133.01    -1.06488e-07
9150.96    -1.10062e-07
9168.9    -1.10155e-07
9186.84    -1.01336e-07
9204.79    -1.01326e-07
9222.73    -1.03432e-07
9240.67    -1.06431e-07
9258.62    -1.06712e-07
9276.56    -1.10064e-07
9294.5    -1.01265e-07
9312.44    -1.01267e-07
9330.39    -1.01927e-07
9348.33    -1.06373e-07
9366.27    -1.06642e-07
9384.22    -1.10002e-07
9402.16    -1.14788e-07
9420.1    -1.01206e-07
9438.05    -1.01354e-07
9455.99    -1.03986e-07
9473.93    -1.06575e-07
9491.88    -1.0994e-07
9509.82    -1.14344e-07
9527.76    -1.01144e-07
9545.71    -1.01164e-07
9563.65    -1.03925e-07
9581.59    -1.06277e-07
9599.53    -1.09814e-07
9617.48    -1.14253e-07
9635.42    -1.01074e-07
9653.36    -1.01072e-07
9671.31    -1.03616e-07
9689.25    -1.06215e-07
9707.19    -1.09752e-07
9725.14    -1.14192e-07
9743.08    -1.01013e-07
9761.02    -1.01013e-07
9778.97    -1.03556e-07
9796.91    -1.06154e-07
9814.85    -1.09692e-07
9832.79    -1.11951e-07
9850.74    -1.00957e-07
9868.68    -1.00955e-07
9886.62    -1.03473e-07
9904.57    -1.06058e-07
9922.51    -1.09632e-07
9940.45    -1.09696e-07
9958.4    -1.00867e-07
9976.34    -1.00886e-07
9994.28    -1.02977e-07
10012.2    -1.06001e-07
10030.2    -1.06282e-07
10048.1    -1.0957e-07
10066.1    -1.00806e-07
10084    -1.00827e-07
10101.9    -1.01442e-07
10119.9    -1.05943e-07
10137.8    -1.06212e-07
10155.8    -1.09507e-07
10173.7    -1.14329e-07
10191.7    -1.00766e-07
10209.6    -1.00869e-07
10227.5    -1.03556e-07
10245.5    -1.06145e-07
10263.4    -1.09446e-07
10281.4    -1.13885e-07
10299.3    -1.00704e-07
10317.3    -1.00703e-07
10335.2    -1.03471e-07
10353.1    -1.05847e-07
10371.1    -1.09384e-07
10389    -1.13823e-07
10407    -1.00615e-07
10424.9    -1.00633e-07
10442.9    -1.03162e-07
10460.8    -1.05785e-07
10478.7    -1.09322e-07
10496.7    -1.13698e-07
10514.6    -1.00554e-07
10532.6    -1.00573e-07
10550.5    -1.03071e-07
10568.5    -1.05724e-07
10586.4    -1.09262e-07
10604.3    -1.11456e-07
10622.3    -1.00498e-07
10640.2    -1.00515e-07
10658.2    -1.03012e-07
10676.1    -1.05602e-07
10694.1    -1.09203e-07
10712    -1.09201e-07
10729.9    -1.00437e-07
10747.9    -1.00427e-07
10765.8    -1.02507e-07
10783.8    -1.05546e-07
10801.7    -1.05852e-07
10819.7    -1.09139e-07
10837.6    -1.00376e-07
10855.5    -1.00369e-07
10873.5    -1.00896e-07
10891.4    -1.05458e-07
10909.4    -1.05782e-07
10927.3    -1.09077e-07
10945.3    -1.13834e-07
10963.2    -1.00307e-07
10981.2    -1.00323e-07
10999.1    -1.03146e-07
11017    -1.05715e-07
11035    -1.09015e-07
11052.9    -1.1339e-07
11070.9    -1.00245e-07
11088.8    -1.00235e-07
11106.8    -1.0301e-07
11124.7    -1.05393e-07
11142.6    -1.08954e-07
11160.6    -1.13328e-07
11178.5    -1.00185e-07
11196.5    -1.00173e-07
11214.4    -1.02692e-07
11232.4    -1.05331e-07
11250.3    -1.08893e-07
11268.2    -1.13267e-07
11286.2    -1.00125e-07
11304.1    -1.00115e-07
11322.1    -1.02521e-07
11340    -1.0524e-07
11358    -1.08831e-07
11375.9    -1.11021e-07
11393.8    -1.00004e-07
11411.8    -1.00056e-07
11429.7    -1.02466e-07
11447.7    -1.05173e-07
11465.6    -1.08747e-07
11483.6    -1.08771e-07
11501.5    -9.99433e-08
11519.4    -9.99973e-08
11537.4    -1.01942e-07
11555.3    -1.05076e-07
11573.3    -1.05398e-07
11591.2    -1.08709e-07
11609.2    -9.98818e-08
11627.1    -9.99383e-08
11645    -1.00438e-07
11663    -1.05018e-07
11680.9    -1.05297e-07
11698.9    -1.08647e-07
11716.8    -1.13404e-07
11734.8    -9.98776e-08
11752.7    -9.98639e-08
11770.6    -1.026e-07
11788.6    -1.0523e-07
11806.5    -1.08586e-07
11824.5    -1.12961e-07
11842.4    -9.97505e-08
11860.4    -9.98044e-08
11878.3    -1.02436e-07
11896.2    -1.04922e-07
11914.2    -1.085e-07
11932.1    -1.12898e-07
11950.1    -9.96907e-08
11968    -9.9744e-08
11986    -1.02127e-07
12003.9    -1.04861e-07
12021.9    -1.08408e-07
12039.8    -1.12838e-07
12057.7    -9.96299e-08
12075.7    -9.96847e-08
12093.6    -1.02063e-07
12111.6    -1.048e-07
12129.5    -1.08346e-07
12147.5    -1.10591e-07
12165.4    -9.95735e-08
12183.3    -9.96256e-08
12201.3    -1.02007e-07
12219.2    -1.04597e-07
12237.2    -1.08288e-07
12255.1    -1.08316e-07
12273.1    -9.95132e-08
12291    -9.95029e-08
12308.9    -1.01512e-07
12326.9    -1.04435e-07
12344.8    -1.04927e-07
12362.8    -1.08224e-07
12380.7    -9.9452e-08
12398.7    -9.94439e-08
12416.6    -1.00008e-07
12434.5    -1.04378e-07
12452.5    -1.04857e-07
12470.4    -1.08163e-07
12488.4    -1.12974e-07
12506.3    -9.93832e-08
12524.3    -9.94337e-08
12542.2    -1.02068e-07
12560.1    -1.04789e-07
12578.1    -1.081e-07
12596    -1.12506e-07
12614    -9.93203e-08
12631.9    -9.93746e-08
12649.9    -1.02005e-07
12667.8    -1.04357e-07
12685.7    -1.08029e-07
12703.7    -1.12444e-07
12721.6    -9.92605e-08
12739.6    -9.92495e-08
12757.5    -1.01697e-07
12775.5    -1.04221e-07
12793.4    -1.07968e-07
12811.3    -1.12353e-07
12829.3    -9.91998e-08
12847.2    -9.91906e-08
12865.2    -1.01633e-07
12883.1    -1.0416e-07
12901.1    -1.07906e-07
12919    -1.12285e-07
12936.9    -9.91377e-08
12954.9    -9.91288e-08
12972.8    -1.01577e-07
12990.8    -1.04093e-07
13008.7    -1.07818e-07
13026.7    -1.1005e-07
13044.6    -9.90599e-08
13062.5    -9.90717e-08
13080.5    -1.0108e-07
13098.4    -1.04001e-07
13116.4    -1.07652e-07
13134.3    -1.07785e-07
13152.3    -9.89666e-08
13170.2    -9.90136e-08
13188.2    -1.00959e-07
13206.1    -1.03948e-07
13224    -1.04218e-07
13242    -1.07723e-07
13259.9    -9.89048e-08
13277.9    -9.89534e-08
13295.8    -9.89397e-08
13313.8    -1.02475e-07
13331.7    -1.04149e-07
13349.6    -1.07632e-07
13367.6    -1.12045e-07
13385.5    -9.88669e-08
13403.5    -9.88791e-08
13421.4    -1.01577e-07
13439.4    -1.03851e-07
13457.3    -1.07571e-07
13475.2    -1.11974e-07
13493.2    -9.87742e-08
13511.1    -9.88194e-08
13529.1    -1.01268e-07
13547    -1.0379e-07
13565    -1.07403e-07
13582.9    -1.11913e-07
13600.8    -9.87147e-08
13618.8    -9.87604e-08
13636.7    -1.01138e-07
13654.7    -1.0373e-07
13672.6    -1.07266e-07
13690.6    -1.11845e-07
13708.5    -9.86529e-08
13726.4    -9.86746e-08
13744.4    -1.01082e-07
13762.3    -1.03665e-07
13780.3    -1.07205e-07
13798.2    -1.09581e-07
13816.2    -9.85891e-08
13834.1    -9.86172e-08
13852    -1.00585e-07
13870    -1.03571e-07
13887.9    -1.06912e-07
13905.9    -1.07326e-07
13923.8    -9.85258e-08
13941.8    -9.85278e-08
13959.7    -1.00528e-07
13977.6    -1.03518e-07
13995.6    -1.03553e-07
14013.5    -1.07158e-07
14031.5    -9.84656e-08
14049.4    -9.84673e-08
14067.4    -9.89975e-08
14085.3    -1.01976e-07
14103.2    -1.03491e-07
14121.2    -1.07021e-07
14139.1    -1.11576e-07
14157.1    -9.84073e-08
14175    -9.84241e-08
14193    -1.01082e-07
14210.9    -1.03421e-07
14228.8    -1.06959e-07
14246.8    -1.11516e-07
14264.7    -9.8335e-08
14282.7    -9.83334e-08
14300.6    -1.00774e-07
14318.6    -1.03359e-07
14336.5    -1.06662e-07
14354.5    -1.11454e-07
14372.4    -9.82744e-08
14390.3    -9.82753e-08
14408.3    -1.00711e-07
14426.2    -1.03235e-07
14444.2    -1.06602e-07
14462.1    -1.11285e-07
14480.1    -9.81856e-08
14498    -9.82048e-08
14515.9    -1.00619e-07
14533.9    -1.03129e-07
14551.8    -1.0653e-07
14569.8    -1.0896e-07
14587.7    -9.81211e-08
14605.7    -9.8138e-08
14623.6    -1.00079e-07
14641.5    -1.03058e-07
14659.5    -1.06462e-07
14677.4    -1.06694e-07
14695.4    -9.80481e-08
14713.3    -9.80687e-08
14731.3    -1.00013e-07
14749.2    -1.02995e-07
14767.1    -1.03091e-07
14785.1    -1.06387e-07
14803    -9.79781e-08
14821    -9.79973e-08
14838.9    -9.84977e-08
14856.9    -1.01483e-07
14874.8    -1.02957e-07
14892.7    -1.06316e-07
14910.7    -1.11e-07
14928.6    -9.78992e-08
14946.6    -9.79144e-08
14964.5    -1.00579e-07
14982.5    -1.02877e-07
15000.4    -1.06245e-07
15018.3    -1.10856e-07
15036.3    -9.78269e-08
15054.2    -9.78454e-08
15072.2    -9.97919e-08
15090.1    -1.02806e-07
15108.1    -1.06173e-07
15126    -1.10784e-07
15143.9    -9.77573e-08
15161.9    -9.7776e-08
15179.8    -9.97164e-08
15197.8    -1.02713e-07
15215.7    -1.06037e-07
15233.7    -1.10469e-07
15251.6    -9.76864e-08
15269.5    -9.76763e-08
15287.5    -9.96514e-08
15305.4    -1.02637e-07
15323.4    -1.05967e-07
15341.3    -1.08226e-07
15359.3    -9.76222e-08
15377.2    -9.76105e-08
15395.1    -9.95807e-08
15413.1    -1.02504e-07
15431    -1.05899e-07
15449    -1.0596e-07
15466.9    -9.74432e-08
15484.9    -9.75411e-08
15502.8    -9.95146e-08
15520.7    -1.00919e-07
15538.7    -1.02529e-07
15556.6    -1.05824e-07
15574.6    -9.72986e-08
15592.5    -9.74689e-08
15610.5    -9.79998e-08
15628.4    -9.94316e-08
15646.4    -1.02434e-07
15664.3    -1.05752e-07
15682.2    -1.1019e-07
15700.2    -9.74006e-08
15718.1    -9.73875e-08
15736.1    -9.93629e-08
15754    -1.02326e-07
15772    -1.05681e-07
15789.9    -1.1012e-07
15807.8    -9.73291e-08
15825.8    -9.73181e-08
15843.7    -9.92917e-08
15861.7    -1.02254e-07
15879.6    -1.0561e-07
15897.6    -1.10049e-07
15915.5    -9.71523e-08
15933.4    -9.7249e-08
15951.4    -9.92188e-08
15969.3    -1.01497e-07
15987.3    -1.05515e-07
16005.2    -1.07728e-07
16023.2    -9.70114e-08
16041.1    -9.71802e-08
16059    -9.9124e-08
16077    -1.00585e-07
16094.9    -1.05445e-07
16112.9    -1.05468e-07
16130.8    -9.63226e-08
16148.8    -9.71123e-08
16166.7    -9.90577e-08
16184.6    -9.90738e-08
16202.6    -1.02054e-07
16220.5    -1.05397e-07
16238.5    -9.62504e-08
16256.4    -9.69372e-08
16274.4    -9.70319e-08
16292.3    -9.90056e-08
16310.2    -1.01971e-07
16328.2    -1.05301e-07
16346.1    -1.097e-07
16364.1    -9.68669e-08
16382    -9.6962e-08
16400    -9.89077e-08
16417.9    -1.01211e-07
16435.8    -1.05231e-07
16453.8    -1.0745e-07
16471.7    -9.67272e-08
16489.7    -9.6895e-08
16507.6    -9.88375e-08
16525.6    -1.00302e-07
16543.5    -1.0513e-07
16561.4    -1.05183e-07
16579.4    -9.60365e-08
16597.3    -9.68264e-08
16615.3    -9.8772e-08
16633.2    -9.87877e-08
16651.2    -1.0177e-07
16669.1    -1.05087e-07
16687    -9.59019e-08
16705    -9.66515e-08
16722.9    -9.72583e-08
16740.9    -9.8719e-08
16758.8    -1.01693e-07
16776.8    -1.05016e-07
16794.7    -1.09415e-07
16812.7    -9.65818e-08
16830.6    -9.66768e-08
16848.5    -9.86226e-08
16866.5    -1.00927e-07
16884.4    -1.04915e-07
16902.4    -1.09344e-07
16920.3    -9.64367e-08
16938.3    -9.66073e-08
16956.2    -9.85525e-08
16974.1    -1.00017e-07
16992.1    -1.04844e-07
17010    -1.07092e-07
17028    -9.57531e-08
17045.9    -9.65405e-08
17063.9    -9.84845e-08
17081.8    -9.84983e-08
17099.7    -1.04774e-07
17117.7    -1.04802e-07
17135.6    -9.5617e-08
17153.6    -9.63666e-08
17171.5    -9.84186e-08
17189.5    -9.84053e-08
17207.4    -1.01408e-07
17225.3    -1.04731e-07
17243.3    -9.55453e-08
17261.2    -9.62967e-08
17279.2    -9.63918e-08
17297.1    -9.83373e-08
17315.1    -1.00642e-07
17333    -1.0463e-07
17350.9    -1.09059e-07
17368.9    -9.61515e-08
17386.8    -9.63221e-08
17404.8    -9.82673e-08
17422.7    -9.97323e-08
17440.7    -1.04559e-07
17458.6    -1.06783e-07
17476.5    -9.54042e-08
17494.5    -9.62559e-08
17512.4    -9.8199e-08
17530.4    -9.82137e-08
17548.3    -1.04489e-07
17566.3    -1.04517e-07
17584.2    -9.53321e-08
17602.1    -9.60822e-08
17620.1    -9.81338e-08
17638    -9.81204e-08
17656    -1.01122e-07
17673.9    -1.04415e-07
17691.9    -9.52602e-08
17709.8    -9.60116e-08
17727.7    -9.61066e-08
17745.7    -9.80519e-08
17763.6    -1.00358e-07
17781.6    -1.04345e-07
17799.5    -1.0875e-07
17817.5    -9.58022e-08
17835.4    -9.6037e-08
17853.3    -9.79823e-08
17871.3    -9.94475e-08
17889.2    -1.04273e-07
17907.2    -1.06498e-07
17925.1    -9.53548e-08
17943.1    -9.58646e-08
17961    -9.79139e-08
17979    -9.78999e-08
17996.9    -1.04204e-07
18014.8    -1.04201e-07
18032.8    -9.50471e-08
18050.7    -9.57968e-08
18068.7    -9.78491e-08
18086.6    -9.78354e-08
18104.6    -1.00837e-07
18122.5    -1.04131e-07
18140.4    -9.49752e-08
18158.4    -9.57266e-08
18176.3    -9.58216e-08
18194.3    -9.77669e-08
18212.2    -1.00073e-07
18230.2    -1.04058e-07
18248.1    -1.08463e-07
18266    -9.55154e-08
18284    -9.5645e-08
18301.9    -9.76955e-08
18319.9    -9.91621e-08
18337.8    -1.03987e-07
18355.8    -1.06212e-07
18373.7    -9.50653e-08
18391.6    -9.55746e-08
18409.6    -9.76246e-08
18427.5    -9.76099e-08
18445.5    -1.03915e-07
18463.4    -1.03912e-07
18481.4    -9.47571e-08
18499.3    -9.55074e-08
18517.2    -9.75592e-08
18535.2    -9.75459e-08
18553.1    -1.00548e-07
18571.1    -1.03841e-07
18589    -9.46615e-08
18607    -9.52975e-08
18624.9    -9.55316e-08
18642.8    -9.74773e-08
18660.8    -1.00221e-07
18678.7    -1.0377e-07
18696.7    -1.08175e-07
18714.6    -9.52273e-08
18732.6    -9.53562e-08
18750.5    -9.74074e-08
18768.4    -9.88456e-08
18786.4    -1.03699e-07
18804.3    -1.05893e-07
18822.3    -9.47801e-08
18840.2    -9.52894e-08
18858.2    -9.73395e-08
18876.1    -9.73247e-08
18894    -1.0363e-07
18912    -1.03627e-07
18929.9    -9.44476e-08
18947.9    -9.51581e-08
18965.8    -9.72741e-08
18983.8    -9.72608e-08
19001.7    -1.00263e-07
19019.6    -1.03556e-07
19037.6    -9.43763e-08
19055.5    -9.50125e-08
19073.5    -9.51405e-08
19091.4    -9.71924e-08
19109.4    -1.00184e-07
19127.3    -1.03484e-07
19145.3    -1.0789e-07
19163.2    -9.49422e-08
19181.1    -9.50713e-08
19199.1    -9.71194e-08
19217    -9.85625e-08
19235    -1.03412e-07
19252.9    -1.05602e-07
19270.9    -9.42586e-08
19288.8    -9.50036e-08
19306.7    -9.70541e-08
19324.7    -9.707e-08
19342.6    -1.03345e-07
19360.6    -1.03342e-07
19378.5    -9.41624e-08
19396.5    -9.47979e-08
19414.4    -9.68829e-08
19432.3    -9.69755e-08
19450.3    -9.99782e-08
19468.2    -1.0327e-07
19486.2    -9.40913e-08
19504.1    -9.47275e-08
19522.1    -9.48551e-08
19540    -9.69072e-08
19557.9    -9.98698e-08
19575.9    -1.03201e-07
19593.8    -1.07574e-07
19611.8    -9.46577e-08
19629.7    -9.47859e-08
19647.7    -9.68348e-08
19665.6    -9.8277e-08
19683.5    -1.03127e-07
19701.5    -1.05318e-07
19719.4    -9.43329e-08
19737.4    -9.46547e-08
19755.3    -9.67697e-08
19773.3    -9.67841e-08
19791.2    -1.03059e-07
19809.1    -1.03057e-07
19827.1    -9.38777e-08
19845    -9.45128e-08
19863    -9.65976e-08
19880.9    -9.669e-08
19898.9    -9.96646e-08
19916.8    -1.02986e-07
19934.7    -9.38059e-08
19952.7    -9.44423e-08
19970.6    -9.45705e-08
19988.6    -9.66222e-08
20006.5    -9.9586e-08
20024.5    -1.02915e-07
20042.4    -1.07289e-07
20060.3    -9.43479e-08
20078.3    -9.44364e-08
20096.2    -9.65497e-08
20114.2    -9.79924e-08
20132.1    -1.02842e-07
20150.1    -1.05032e-07
20168    -9.40466e-08
20185.9    -9.42936e-08
20203.9    -9.63774e-08
20221.8    -9.79149e-08
20239.8    -1.02775e-07
20257.7    -1.02772e-07
20275.7    -9.35926e-08
20293.6    -9.42264e-08
20311.6    -9.63113e-08
20329.5    -9.64031e-08
20347.4    -9.93846e-08
20365.4    -1.02701e-07
20383.3    -9.34905e-08
20401.3    -9.41572e-08
20419.2    -9.42851e-08
20437.2    -9.6337e-08
20455.1    -9.92998e-08
20473    -1.02631e-07
20491    -1.07003e-07
20508.9    -9.40623e-08
20526.9    -9.40756e-08
20544.8    -9.61607e-08
20562.8    -9.77051e-08
20580.7    -1.0256e-07
20598.6    -1.04753e-07
20616.6    -9.37618e-08
20634.5    -9.40079e-08
20652.5    -9.60909e-08
20670.4    -9.76321e-08
20688.4    -1.02461e-07
20706.3    -1.02488e-07
20724.2    -9.33075e-08
20742.2    -9.39409e-08
20760.1    -9.60261e-08
20778.1    -9.61168e-08
20796    -9.91019e-08
20814    -1.02416e-07
20831.9    -9.32055e-08
20849.8    -9.38476e-08
20867.8    -9.39358e-08
20885.7    -9.60518e-08
20903.7    -9.85787e-08
20921.6    -1.02344e-07
20939.6    -1.06719e-07
20957.5    -9.35408e-08
20975.4    -9.37904e-08
20993.4    -9.58751e-08
21011.3    -9.742e-08
21029.3    -1.02246e-07
21047.2    -1.04469e-07
21065.2    -9.34773e-08
21083.1    -9.3722e-08
21101    -9.58059e-08
21119    -9.73469e-08
21136.9    -1.02176e-07
21154.9    -1.02202e-07
21172.8    -9.29921e-08
21190.8    -9.36311e-08
21208.7    -9.56763e-08
21226.6    -9.58324e-08
21244.6    -9.88161e-08
21262.5    -1.0213e-07
21280.5    -9.29198e-08
21298.4    -9.33269e-08
21316.4    -9.3575e-08
21334.3    -9.56607e-08
21352.3    -9.80449e-08
21370.2    -1.02032e-07
21388.1    -1.06433e-07
21406.1    -9.32559e-08
21424    -9.35052e-08
21442    -9.55894e-08
21459.9    -9.71362e-08
21477.9    -1.01959e-07
21495.8    -1.04184e-07
21513.7    -9.31619e-08
21531.7    -9.3412e-08
21549.6    -9.55222e-08
21567.6    -9.70595e-08
21585.5    -1.0189e-07
21603.5    -1.01917e-07
21621.4    -9.27059e-08
21639.3    -9.33463e-08
21657.3    -9.53161e-08
21675.2    -9.54412e-08
21693.2    -9.85301e-08
21711.1    -1.01845e-07
21729.1    -9.26346e-08
21747    -9.30409e-08
21764.9    -9.32908e-08
21782.9    -9.53744e-08
21800.8    -9.77605e-08
21818.8    -1.01747e-07
21836.7    -1.06148e-07
21854.7    -9.29715e-08
21872.6    -9.32201e-08
21890.5    -9.53048e-08
21908.5    -9.68509e-08
21926.4    -1.01674e-07
21944.4    -1.03898e-07
21962.3    -9.24935e-08
21980.3    -9.31274e-08
21998.2    -9.51723e-08
22016.1    -9.53616e-08
22034.1    -1.01605e-07
22052    -1.01632e-07
22070    -9.24221e-08
22087.9    -9.28255e-08
22105.9    -9.50325e-08
22123.8    -9.51568e-08
22141.7    -9.78062e-08
22159.7    -1.01532e-07
22177.6    -9.235e-08
22195.6    -9.27567e-08
22213.5    -9.30057e-08
22231.5    -9.50898e-08
22249.4    -9.74753e-08
22267.3    -1.01462e-07
22285.3    -1.05864e-07
22303.2    -9.26566e-08
22321.2    -9.29119e-08
22339.1    -9.50172e-08
22357.1    -9.65678e-08
22375    -1.01388e-07
22392.9    -1.03606e-07
22410.9    -9.22082e-08
22428.8    -9.26079e-08
22446.8    -9.48137e-08
22464.7    -9.49689e-08
22482.7    -1.00883e-07
22500.6    -1.01319e-07
22518.6    -9.21362e-08
22536.5    -9.25417e-08
22554.4    -9.47486e-08
22572.4    -9.48731e-08
22590.3    -9.72704e-08
22608.3    -1.01246e-07
22626.2    -9.20651e-08
22644.2    -9.2472e-08
22662.1    -9.27201e-08
22680    -9.48033e-08
22698    -9.63499e-08
22715.9    -1.01174e-07
22733.9    -1.05576e-07
22751.8    -9.23694e-08
22769.8    -9.26234e-08
22787.7    -9.45947e-08
22805.6    -9.61721e-08
22823.6    -1.01102e-07
22841.5    -1.03325e-07
22859.5    -9.19206e-08
22877.4    -9.23217e-08
22895.4    -9.45276e-08
22913.3    -9.46488e-08
22931.2    -1.00351e-07
22949.2    -1.01031e-07
22967.1    -9.18493e-08
22985.1    -9.22552e-08
23003    -9.44613e-08
23021    -9.45871e-08
23038.9    -9.69818e-08
23056.8    -1.0096e-07
23074.8    -9.17779e-08
23092.7    -9.21546e-08
23110.7    -9.2409e-08
23128.6    -9.44546e-08
23146.6    -9.60663e-08
23164.5    -1.00887e-07
23182.4    -1.05291e-07
23200.4    -9.17024e-08
23218.3    -9.21023e-08
23236.3    -9.43108e-08
23254.2    -9.44708e-08
23272.2    -1.0038e-07
23290.1    -1.03012e-07
23308    -9.16375e-08
23326    -9.20388e-08
23343.9    -9.42436e-08
23361.9    -9.43655e-08
23379.8    -1.00066e-07
23397.8    -1.00746e-07
23415.7    -9.1564e-08
23433.6    -9.19717e-08
23451.6    -9.36402e-08
23469.5    -9.43044e-08
23487.5    -9.58515e-08
23505.4    -1.00676e-07
23523.4    -9.1493e-08
23541.3    -9.14877e-08
23559.2    -9.18892e-08
23577.2    -9.40964e-08
23595.1    -9.56736e-08
23613.1    -1.00166e-07
23631    -1.02798e-07
23649    -9.14222e-08
23666.9    -9.18241e-08
23684.9    -9.40291e-08
23702.8    -9.41508e-08
23720.7    -9.98525e-08
23738.7    -1.00532e-07
23756.6    -9.13515e-08
23774.6    -9.1757e-08
23792.5    -9.39626e-08
23810.5    -9.40889e-08
23828.4    -9.5645e-08
23846.3    -1.00462e-07
23864.3    -9.12795e-08
23882.2    -9.1657e-08
23900.2    -9.19098e-08
23918.1    -9.38821e-08
23936.1    -9.54599e-08
23954    -1.00389e-07
23971.9    -1.02585e-07
23989.9    -9.12092e-08
24007.8    -9.16092e-08
24025.8    -9.38135e-08
24043.7    -9.39687e-08
24061.7    -9.96381e-08
24079.6    -1.00319e-07
24097.5    -9.11376e-08
24115.5    -9.15433e-08
24133.4    -9.37492e-08
24151.4    -9.38749e-08
24169.3    -9.62691e-08
24187.3    -1.00247e-07
24205.2    -9.10657e-08
24223.1    -9.14424e-08
24241.1    -9.16967e-08
24259    -9.38067e-08
24277    -9.53544e-08
24294.9    -1.00175e-07
24312.9    -1.04579e-07
24330.8    -9.09902e-08
24348.7    -9.13901e-08
24366.7    -9.35987e-08
24384.6    -9.37587e-08
24402.6    -9.96682e-08
24420.5    -1.023e-07
24438.5    -9.09253e-08
24456.4    -9.13266e-08
24474.3    -9.35316e-08
24492.3    -9.36533e-08
24510.2    -9.93536e-08
24528.2    -1.00034e-07
24546.1    -9.08518e-08
24564.1    -9.12289e-08
24582    -9.29525e-08
24599.9    -9.35923e-08
24617.9    -9.51407e-08
24635.8    -9.99628e-08
24653.8    -9.07809e-08
24671.7    -9.07755e-08
24689.7    -9.11771e-08
24707.6    -9.33843e-08
24725.5    -9.49614e-08
24743.5    -9.94543e-08
24761.4    -1.02086e-07
24779.4    -9.07102e-08
24797.3    -9.1112e-08
24815.3    -9.33171e-08
24833.2    -9.34388e-08
24851.1    -9.91404e-08
24869.1    -9.98204e-08
24887    -9.06394e-08
24905    -9.1045e-08
24922.9    -9.32505e-08
24940.9    -9.33768e-08
24958.8    -9.49328e-08
24976.8    -9.97501e-08
24994.7    -9.05668e-08
25012.6    -9.09445e-08
25030.6    -9.11983e-08
25048.5    -9.32338e-08
25066.5    -9.47483e-08
25084.4    -9.96778e-08
25102.4    -1.01873e-07
25120.3    -9.04963e-08
25138.2    -9.08966e-08
25156.2    -9.31012e-08
25174.1    -9.32578e-08
25192.1    -9.8926e-08
25210    -9.96064e-08
25228    -9.04255e-08
25245.9    -9.08313e-08
25263.8    -9.3037e-08
25281.8    -9.31627e-08
25299.7    -9.55558e-08
25317.7    -9.95367e-08
25335.6    -9.03536e-08
25353.6    -9.07303e-08
25371.5    -9.09846e-08
25389.4    -9.30946e-08
25407.4    -9.4641e-08
25425.3    -9.94642e-08
25443.3    -1.03867e-07
25461.2    -9.02778e-08
25479.2    -9.06781e-08
25497.1    -9.28864e-08
25515    -9.30467e-08
25533    -9.89561e-08
25550.9    -1.01587e-07
25568.9    -9.02132e-08
25586.8    -9.06146e-08
25604.8    -9.28195e-08
25622.7    -9.29413e-08
25640.6    -9.86415e-08
25658.6    -9.9322e-08
25676.5    -9.01396e-08
25694.5    -9.05167e-08
25712.4    -9.22402e-08
25730.4    -9.28801e-08
25748.3    -9.44288e-08
25766.2    -9.92506e-08
25784.2    -9.00687e-08
25802.1    -9.00633e-08
25820.1    -9.0465e-08
25838    -9.27363e-08
25856    -9.42494e-08
25873.9    -9.87422e-08
25891.8    -1.01374e-07
25909.8    -8.99984e-08
25927.7    -9.04002e-08
25945.7    -9.26044e-08
25963.6    -9.2727e-08
25981.6    -9.84278e-08
25999.5    -9.91078e-08
26017.4    -8.99277e-08
26035.4    -9.03026e-08
26053.3    -9.25386e-08
26071.3    -9.26649e-08
26089.2    -9.42195e-08
26107.2    -9.9038e-08
26125.1    -8.98549e-08
26143.1    -9.02327e-08
26161    -9.04864e-08
26178.9    -9.25217e-08
26196.9    -9.41423e-08
26214.8    -9.89657e-08
26232.8    -1.01161e-07
26250.7    -8.97842e-08
26268.7    -9.01845e-08
26286.6    -9.23891e-08
26304.5    -9.25456e-08
26322.5    -9.82139e-08
26340.4    -9.88942e-08
26358.4    -8.97133e-08
26376.3    -9.01192e-08
26394.3    -9.23245e-08
26412.2    -9.24505e-08
26430.1    -9.48435e-08
26448.1    -9.88245e-08
26466    -8.96414e-08
26484    -9.00182e-08
26501.9    -9.02724e-08
26519.9    -9.23824e-08
26537.8    -9.39287e-08
26555.7    -9.8752e-08
26573.7    -1.00976e-07
26591.6    -8.95712e-08
26609.6    -8.99684e-08
26627.5    -9.21742e-08
26645.5    -9.23335e-08
26663.4    -9.82453e-08
26681.3    -9.86815e-08
26699.3    -8.94994e-08
26717.2    -8.99032e-08
26735.2    -9.21097e-08
26753.1    -9.22333e-08
26771.1    -9.46394e-08
26789    -9.86097e-08
26806.9    -8.94273e-08
26824.9    -8.98044e-08
26842.8    -9.00828e-08
26860.8    -9.21678e-08
26878.7    -9.37178e-08
26896.7    -9.85373e-08
26914.6    -1.02941e-07
26932.5    -8.93511e-08
26950.5    -8.9753e-08
26968.4    -9.20241e-08
26986.4    -9.22284e-08
27004.3    -9.80301e-08
27022.3    -1.00662e-07
27040.2    -8.92861e-08
27058.1    -8.96882e-08
27076.1    -9.18923e-08
27094    -9.2015e-08
27112    -9.77157e-08
27129.9    -9.83957e-08
27147.9    -8.92156e-08
27165.8    -8.95903e-08
27183.7    -9.18265e-08
27201.7    -9.19529e-08
27219.6    -9.35073e-08
27237.6    -9.83259e-08
27255.5    -8.91435e-08
27273.5    -8.9521e-08
27291.4    -8.97753e-08
27309.4    -9.1882e-08
27327.3    -9.34311e-08
27345.2    -9.82524e-08
27363.2    -1.00442e-07
27381.1    -8.90715e-08
27399.1    -8.94728e-08
27417    -9.1678e-08
27435    -9.18313e-08
27452.9    -9.75017e-08
27470.8    -9.81821e-08
27488.8    -8.90013e-08
27506.7    -8.94072e-08
27524.7    -9.16125e-08
27542.6    -9.17364e-08
27560.6    -9.4129e-08
27578.5    -9.81103e-08
27596.4    -8.89271e-08
27614.4    -8.93039e-08
27632.3    -8.95825e-08
27650.3    -9.16681e-08
27668.2    -9.32144e-08
27686.2    -9.80378e-08
27704.1    -1.00233e-07
27722    -8.88569e-08
27740    -8.92541e-08
27757.9    -9.14599e-08
27775.9    -9.17256e-08
27793.8    -9.75311e-08
27811.8    -9.79674e-08
27829.7    -8.87849e-08
27847.6    -8.9189e-08
27865.6    -9.13955e-08
27883.5    -9.15191e-08
27901.5    -9.39251e-08
27919.4    -9.78954e-08
27937.4    -8.87131e-08
27955.3    -8.909e-08
27973.2    -8.93686e-08
27991.2    -9.14536e-08
28009.1    -9.30023e-08
28027.1    -9.78244e-08
28045    -1.02227e-07
28063    -8.86372e-08
28080.9    -8.90391e-08
28098.8    -9.13099e-08
28116.8    -9.15141e-08
28134.7    -9.73158e-08
28152.7    -9.99477e-08
28170.6    -8.85718e-08
28188.6    -8.89739e-08
28206.5    -9.11781e-08
28224.4    -9.13007e-08
28242.4    -9.70014e-08
28260.3    -9.76813e-08
28278.3    -8.85013e-08
28296.2    -8.88761e-08
28314.2    -9.11122e-08
28332.1    -9.12386e-08
28350    -9.2793e-08
28368    -9.76116e-08
28385.9    -8.84296e-08
28403.9    -8.88072e-08
28421.8    -8.90603e-08
28439.8    -9.11711e-08
28457.7    -9.27158e-08
28475.7    -9.75391e-08
28493.6    -9.97335e-08
28511.5    -8.83587e-08
28529.5    -8.87597e-08
28547.4    -9.09642e-08
28565.4    -9.10865e-08
28583.3    -9.67874e-08
28601.3    -9.74679e-08
28619.2    -8.82869e-08
28637.1    -8.86928e-08
28655.1    -9.08986e-08
28673    -9.10244e-08
28691    -9.34169e-08
28708.9    -9.73982e-08
28726.9    -8.82151e-08
28744.8    -8.85918e-08
28762.7    -8.88705e-08
28780.7    -9.09561e-08
28798.6    -9.25035e-08
28816.6    -9.73245e-08
28834.5    -9.9521e-08
28852.5    -8.81445e-08
28870.4    -8.8543e-08
28888.3    -9.07475e-08
28906.3    -9.10138e-08
28924.2    -9.68186e-08
28942.2    -9.72555e-08
28960.1    -8.80725e-08
28978.1    -8.84768e-08
28996    -9.06588e-08
29013.9    -9.07824e-08
29031.9    -9.3189e-08
29049.8    -9.71585e-08
29067.8    -8.79769e-08
29085.7    -8.83531e-08
29103.7    -8.86075e-08
29121.6    -9.06929e-08
29139.5    -9.22389e-08
29157.5    -9.70651e-08
29175.4    -1.01466e-07
29193.4    -8.78759e-08
29211.3    -8.85135e-08
29229.3    -9.05349e-08
29247.2    -9.07285e-08
29265.1    -9.65302e-08
29283.1    -9.91617e-08
29301    -8.7786e-08
29319    -8.81875e-08
29336.9    -9.0369e-08
29354.9    -9.04903e-08
29372.8    -9.61918e-08
29390.7    -9.68722e-08
29408.7    -8.76903e-08
29426.6    -8.8066e-08
29444.6    -9.02776e-08
29462.5    -9.0404e-08
29480.5    -9.19597e-08
29498.4    -9.67772e-08
29516.3    -8.75952e-08
29534.3    -8.79733e-08
29552.2    -8.82253e-08
29570.2    -9.0313e-08
29588.1    -9.18566e-08
29606.1    -9.66807e-08
29624    -9.88747e-08
29642    -8.75005e-08
29659.9    -8.79012e-08
29677.8    -9.00805e-08
29695.8    -9.03101e-08
29713.7    -9.59039e-08
29731.7    -9.65851e-08
29749.6    -8.74037e-08
29767.6    -8.77786e-08
29785.5    -8.99909e-08
29803.4    -9.01165e-08
29821.4    -9.25103e-08
29839.3    -9.64907e-08
29857.3    -8.73073e-08
29875.2    -8.76844e-08
29893.2    -8.79386e-08
29911.1    -9.00237e-08
29929    -9.15705e-08
29947    -9.6394e-08
29964.9    -9.86177e-08
29982.9    -8.72127e-08
30000.8    -8.78468e-08
30018.8    -8.98662e-08
30036.7    -9.00578e-08
30054.6    -9.58625e-08
30072.6    -9.62992e-08
30090.5    -8.71164e-08
30108.5    -8.75205e-08
30126.4    -8.97033e-08
30144.4    -8.98266e-08
30162.3    -9.22326e-08
30180.2    -9.62026e-08
30198.2    -8.70209e-08
30216.1    -8.73976e-08
30234.1    -8.76518e-08
30252    -8.97372e-08
30270    -9.12854e-08
30287.9    -9.61069e-08
30305.8    -1.00511e-07
30323.8    -8.69208e-08
30341.7    -8.75572e-08
30359.7    -8.958e-08
30377.6    -9.11877e-08
30395.6    -9.60125e-08
30413.5    -9.82054e-08
30431.4    -8.68318e-08
30449.4    -8.72326e-08
30467.3    -8.94126e-08
30485.3    -8.9642e-08
30503.2    -9.52356e-08
30521.2    -9.59166e-08
30539.1    -8.67355e-08
30557    -8.71106e-08
30575    -8.93231e-08
30592.9    -8.94483e-08
30610.9    -9.18409e-08
30628.8    -9.58223e-08
30646.8    -8.66391e-08
30664.7    -8.70162e-08
30682.6    -8.72712e-08
30700.6    -8.93557e-08
30718.5    -9.09021e-08
30736.5    -9.5726e-08
30754.4    -9.79204e-08
30772.4    -8.65454e-08
30790.3    -8.718e-08
30808.3    -8.91993e-08
30826.2    -8.93892e-08
30844.1    -9.51946e-08
30862.1    -9.56312e-08
30880    -8.6448e-08
30898    -8.68228e-08
30915.9    -8.90365e-08
30933.9    -8.91608e-08
30951.8    -9.1557e-08
30969.7    -9.55358e-08
30987.7    -8.63534e-08
31005.6    -8.67295e-08
31023.6    -8.69839e-08
31041.5    -8.90695e-08
31059.5    -9.06168e-08
31077.4    -9.54389e-08
31095.3    -9.98427e-08
31113.3    -8.6253e-08
31131.2    -8.68895e-08
31149.2    -8.89123e-08
31167.1    -8.91042e-08
31185.1    -9.53447e-08
31203    -9.75376e-08
31220.9    -8.61641e-08
31238.9    -8.6565e-08
31256.8    -8.8745e-08
31274.8    -8.88682e-08
31292.7    -9.45678e-08
31310.7    -9.52489e-08
31328.6    -8.6068e-08
31346.5    -8.64429e-08
31364.5    -8.86556e-08
31382.4    -8.87806e-08
31400.4    -9.03363e-08
31418.3    -9.51545e-08
31436.3    -8.59717e-08
31454.2    -8.63504e-08
31472.1    -8.66032e-08
31490.1    -8.86223e-08
31508    -9.02355e-08
31526    -9.50574e-08
31543.9    -9.72458e-08
31561.9    -8.58763e-08
31579.8    -8.62786e-08
31597.7    -8.84571e-08
31615.7    -8.86126e-08
31633.6    -9.4528e-08
31651.6    -9.49632e-08
31669.5    -8.57812e-08
31687.5    -8.61565e-08
31705.4    -8.83692e-08
31723.3    -8.8494e-08
31741.3    -9.08884e-08
31759.2    -9.48682e-08
31777.2    -8.5686e-08
31795.1    -8.60625e-08
31813.1    -8.63167e-08
31831    -8.8338e-08
31848.9    -8.99481e-08
31866.9    -9.47725e-08
31884.8    -9.91757e-08
31902.8    -8.55853e-08
31920.7    -8.62233e-08
31938.7    -8.82445e-08
31956.6    -8.8331e-08
31974.6    -9.4677e-08
31992.5    -9.6871e-08
32010.4    -8.5497e-08
32028.4    -8.58675e-08
32046.3    -8.80794e-08
32064.3    -8.82009e-08
32082.2    -9.39017e-08
32100.2    -9.45817e-08
32118.1    -8.53999e-08
32136    -8.57766e-08
32154    -8.74758e-08
32171.9    -8.81161e-08
32189.9    -8.96636e-08
32207.8    -9.44873e-08
32225.8    -8.5305e-08
32243.7    -8.56831e-08
32261.6    -8.59364e-08
32279.6    -8.79558e-08
32297.5    -8.95676e-08
32315.5    -9.43902e-08
32333.4    -9.65791e-08
32351.4    -8.52092e-08
32369.3    -8.56113e-08
32387.2    -8.77902e-08
32405.2    -8.79452e-08
32423.1    -9.3861e-08
32441.1    -9.42962e-08
32459    -8.51143e-08
32477    -8.54894e-08
32494.9    -8.77022e-08
32512.8    -8.7827e-08
32530.8    -9.02212e-08
32548.7    -9.42011e-08
32566.7    -8.5019e-08
32584.6    -8.53955e-08
32602.6    -8.56497e-08
32620.5    -8.7671e-08
32638.4    -8.92808e-08
32656.4    -9.41058e-08
32674.3    -9.63004e-08
32692.3    -8.49235e-08
32710.2    -8.55584e-08
32728.2    -8.75026e-08
32746.1    -8.76627e-08
32764    -9.35741e-08
32782    -9.40109e-08
32799.9    -8.48283e-08
32817.9    -8.52014e-08
32835.8    -8.7415e-08
32853.8    -8.75382e-08
32871.7    -8.99449e-08
32889.6    -9.39147e-08
32907.6    -8.47329e-08
32925.5    -8.51098e-08
32943.5    -8.53636e-08
32961.4    -8.73848e-08
32979.4    -8.89964e-08
32997.3    -9.38203e-08
33015.2    -9.82221e-08
33033.2    -8.50161e-08
33051.1    -8.52693e-08
33069.1    -8.7292e-08
33087    -8.87938e-08
33105    -9.37246e-08
33122.9    -9.59175e-08
33140.9    -8.4544e-08
33158.8    -8.49139e-08
33176.7    -8.71245e-08
33194.7    -8.72475e-08
33212.6    -9.29477e-08
33230.6    -9.36289e-08
33248.5    -8.44479e-08
33266.5    -8.48229e-08
33284.4    -8.70349e-08
33302.3    -8.71607e-08
33320.3    -8.95536e-08
33338.2    -9.35348e-08
33356.2    -8.43516e-08
33374.1    -8.4729e-08
33392.1    -8.49831e-08
33410    -8.70039e-08
33427.9    -8.86143e-08
33445.9    -9.34383e-08
33463.8    -9.56335e-08
33481.8    -8.42571e-08
33499.7    -8.46558e-08
33517.7    -8.68361e-08
33535.6    -8.69955e-08
33553.5    -9.2907e-08
33571.5    -9.3344e-08
33589.4    -8.41614e-08
33607.4    -8.45347e-08
33625.3    -8.6748e-08
33643.3    -8.68714e-08
33661.2    -8.9277e-08
33679.1    -9.32474e-08
33697.1    -8.40661e-08
33715    -8.44425e-08
33733    -8.46969e-08
33750.9    -8.67178e-08
33768.9    -8.83289e-08
33786.8    -9.31527e-08
33804.7    -9.75268e-08
33822.7    -8.3965e-08
33840.6    -8.46027e-08
33858.6    -8.65496e-08
33876.5    -8.81269e-08
33894.5    -9.30572e-08
33912.4    -9.52512e-08
33930.3    -8.38767e-08
33948.3    -8.4247e-08
33966.2    -8.64582e-08
33984.2    -8.65805e-08
34002.1    -9.22811e-08
34020.1    -9.29615e-08
34038    -8.37809e-08
34055.9    -8.41563e-08
34073.9    -8.6368e-08
34091.8    -8.64298e-08
34109.8    -8.88856e-08
34127.7    -9.28677e-08
34145.7    -8.36848e-08
34163.6    -8.40616e-08
34181.5    -8.4316e-08
34199.5    -8.62625e-08
34217.4    -8.78419e-08
34235.4    -9.27698e-08
34253.3    -9.4966e-08
34271.3    -8.35923e-08
34289.2    -8.39893e-08
34307.2    -8.61696e-08
34325.1    -8.63276e-08
34343    -9.22399e-08
34361    -9.26757e-08
34378.9    -8.34945e-08
34396.9    -8.38693e-08
34414.8    -8.60815e-08
34432.8    -8.62068e-08
34450.7    -8.86025e-08
34468.6    -9.25802e-08
34486.6    -8.33982e-08
34504.5    -8.37755e-08
34522.5    -8.40296e-08
34540.4    -8.60502e-08
34558.4    -8.76622e-08
34576.3    -9.24853e-08
34594.2    -9.6859e-08
34612.2    -8.32979e-08
34630.1    -8.36996e-08
34648.1    -8.58824e-08
34666    -8.6044e-08
34684    -9.19523e-08
34701.9    -9.4583e-08
34719.8    -8.32071e-08
34737.8    -8.35784e-08
34755.7    -8.57896e-08
34773.7    -8.59114e-08
34791.6    -9.16129e-08
34809.6    -9.22929e-08
34827.5    -8.31121e-08
34845.4    -8.34871e-08
34863.4    -8.56989e-08
34881.3    -8.57609e-08
34899.3    -8.73807e-08
34917.2    -9.21982e-08
34935.2    -8.30167e-08
34953.1    -8.33939e-08
34971    -8.34116e-08
34989    -8.55944e-08
35006.9    -8.7172e-08
35024.9    -9.21017e-08
35042.8    -9.42973e-08
35060.8    -8.2921e-08
35078.7    -8.32919e-08
35096.6    -8.55026e-08
35114.6    -8.56249e-08
35132.5    -9.13259e-08
35150.5    -9.20063e-08
35168.4    -8.28259e-08
35186.4    -8.32005e-08
35204.3    -8.54127e-08
35222.2    -8.54742e-08
35240.2    -8.79323e-08
35258.1    -9.19106e-08
35276.1    -8.27294e-08
35294    -8.31053e-08
35312    -8.33605e-08
35329.9    -8.53061e-08
35347.8    -8.68864e-08
35365.8    -9.18151e-08
35383.7    -9.61902e-08
35401.7    -8.26288e-08
35419.6    -8.30295e-08
35437.6    -8.5214e-08
35455.5    -8.53732e-08
35473.5    -9.12836e-08
35491.4    -9.39143e-08
35509.3    -8.25404e-08
35527.3    -8.29121e-08
35545.2    -8.51216e-08
35563.2    -8.52448e-08
35581.1    -9.09436e-08
35599.1    -9.16248e-08
35617    -8.24426e-08
35634.9    -8.28192e-08
35652.9    -8.45186e-08
35670.8    -8.50197e-08
35688.8    -8.66007e-08
35706.7    -9.15294e-08
35724.7    -8.23187e-08
35742.6    -8.23427e-08
35760.5    -8.27428e-08
35778.5    -8.49266e-08
35796.4    -8.6503e-08
35814.4    -9.09968e-08
35832.3    -9.36281e-08
35850.3    -8.2253e-08
35868.2    -8.26238e-08
35886.1    -8.48341e-08
35904.1    -8.49568e-08
35922    -9.06572e-08
35940    -9.13382e-08
35957.9    -8.2157e-08
35975.9    -8.25328e-08
35993.8    -8.47442e-08
36011.7    -8.48056e-08
36029.7    -8.64263e-08
36047.6    -9.12428e-08
36065.6    -8.20603e-08
36083.5    -8.24384e-08
36101.5    -8.2455e-08
36119.4    -8.4639e-08
36137.3    -8.62169e-08
36155.3    -9.0709e-08
36173.2    -9.3343e-08
36191.2    -8.19371e-08
36209.1    -8.23069e-08
36227.1    -8.45165e-08
36245    -8.4674e-08
36262.9    -9.0342e-08
36280.9    -9.1022e-08
36298.8    -8.18132e-08
36316.8    -8.21866e-08
36334.7    -8.4398e-08
36352.7    -8.44598e-08
36370.6    -8.69172e-08
36388.5    -9.08983e-08
36406.5    -8.16862e-08
36424.4    -8.20624e-08
36442.4    -8.23179e-08
36460.3    -8.42596e-08
36478.3    -8.58405e-08
36496.2    -9.0769e-08
36514.1    -9.51443e-08
36532.1    -8.15537e-08
36550    -8.19546e-08
36568    -8.4139e-08
36585.9    -8.42986e-08
36603.9    -8.9962e-08
36621.8    -9.28391e-08
36639.7    -8.14368e-08
36657.7    -8.18084e-08
36675.6    -8.40179e-08
36693.6    -8.41411e-08
36711.5    -8.98398e-08
36729.5    -9.05211e-08
36747.4    -8.13102e-08
36765.4    -8.16868e-08
36783.3    -8.33862e-08
36801.2    -8.38873e-08
36819.2    -8.54696e-08
36837.1    -9.03956e-08
36855.1    -8.11865e-08
36873    -8.11813e-08
36891    -8.15816e-08
36908.9    -8.37655e-08
36926.8    -8.39268e-08
36944.8    -8.98355e-08
36962.7    -9.24668e-08
36980.7    -8.10631e-08
36998.6    -8.14342e-08
37016.6    -8.36443e-08
37034.5    -8.37674e-08
37052.4    -8.94667e-08
37070.4    -9.01481e-08
37088.3    -8.09383e-08
37106.3    -8.13142e-08
37124.2    -8.35255e-08
37142.2    -8.35871e-08
37160.1    -8.5206e-08
37178    -9.00252e-08
37196    -8.08136e-08
37213.9    -8.0808e-08
37231.9    -8.12098e-08
37249.8    -8.33919e-08
37267.8    -8.49702e-08
37285.7    -8.94625e-08
37303.6    -9.20944e-08
37321.6    -8.06895e-08
37339.5    -8.10913e-08
37357.5    -8.32719e-08
37375.4    -8.33936e-08
37393.4    -8.90955e-08
37411.3    -8.97755e-08
37429.2    -8.05658e-08
37447.2    -8.09407e-08
37465.1    -8.31526e-08
37483.1    -8.32144e-08
37501    -8.48355e-08
37519    -8.96521e-08
37536.9    -8.04405e-08
37554.8    -8.08183e-08
37572.8    -8.08355e-08
37590.7    -8.30192e-08
37608.7    -8.45967e-08
37626.6    -8.95263e-08
37644.6    -9.17232e-08
37662.5    -8.03171e-08
37680.4    -8.07175e-08
37698.4    -8.28974e-08
37716.3    -8.30527e-08
37734.3    -8.8722e-08
37752.2    -8.94025e-08
37770.2    -8.01933e-08
37788.1    -8.05681e-08
37806    -8.27797e-08
37824    -8.29057e-08
37841.9    -8.52986e-08
37859.9    -8.92792e-08
37877.8    -8.00681e-08
37895.8    -8.04439e-08
37913.7    -8.06992e-08
37931.7    -8.26447e-08
37949.6    -8.42263e-08
37967.5    -8.91526e-08
37985.5    -9.13498e-08
38003.4    -7.99442e-08
38021.4    -8.03418e-08
38039.3    -8.25238e-08
38057.3    -8.26822e-08
38075.2    -8.85947e-08
38093.1    -8.90303e-08
38111.1    -7.98198e-08
38129    -8.01937e-08
38147    -8.24054e-08
38164.9    -8.253e-08
38182.9    -8.49347e-08
38200.8    -8.89057e-08
38218.7    -7.96951e-08
38236.7    -8.00716e-08
38254.6    -8.0326e-08
38272.6    -8.23468e-08
38290.5    -8.39591e-08
38308.5    -8.87814e-08
38326.4    -9.31551e-08
38344.3    -7.95664e-08
38362.3    -7.99664e-08
38380.2    -8.21501e-08
38398.2    -8.23116e-08
38416.1    -8.82203e-08
38434.1    -9.08515e-08
38452    -7.94476e-08
38469.9    -7.98491e-08
38487.9    -8.20293e-08
38505.8    -8.21518e-08
38523.8    -8.78526e-08
38541.7    -8.85336e-08
38559.7    -7.93228e-08
38577.6    -7.96987e-08
38595.5    -8.19102e-08
38613.5    -8.20361e-08
38631.4    -8.35928e-08
38649.4    -8.84091e-08
38667.3    -7.91982e-08
38685.3    -7.95762e-08
38703.2    -7.95944e-08
38721.1    -8.17735e-08
38739.1    -8.33557e-08
38757    -8.82833e-08
38775    -9.04734e-08
38792.9    -7.90737e-08
38810.9    -7.9475e-08
38828.8    -8.16559e-08
38846.7    -8.1809e-08
38864.7    -8.74794e-08
38882.6    -8.816e-08
38900.6    -7.89508e-08
38918.5    -7.93257e-08
38936.5    -8.15373e-08
38954.4    -8.16633e-08
38972.3    -8.4056e-08
38990.3    -8.80367e-08
39008.2    -7.88258e-08
39026.2    -7.92016e-08
39044.1    -7.94568e-08
39062.1    -8.14024e-08
39080    -8.29824e-08
39098    -8.79112e-08
39115.9    -9.01073e-08
39133.8    -7.87018e-08
39151.8    -7.90995e-08
39169.7    -8.12815e-08
39187.7    -8.14393e-08
39205.6    -8.73525e-08
39223.6    -8.77878e-08
39241.5    -7.85775e-08
39259.4    -7.89823e-08
39277.4    -8.11627e-08
39295.3    -8.12878e-08
39313.3    -8.36919e-08
39331.2    -8.76631e-08
39349.2    -7.84527e-08
39367.1    -7.88293e-08
39385    -7.90835e-08
39403    -8.11046e-08
39420.9    -8.27174e-08
39438.9    -8.75377e-08
39456.8    -9.19127e-08
39474.8    -7.8324e-08
39492.7    -7.8724e-08
39510.6    -8.09079e-08
39528.6    -8.10686e-08
39546.5    -8.69778e-08
39564.5    -8.96089e-08
39582.4    -7.82056e-08
39600.4    -7.8607e-08
39618.3    -8.07866e-08
39636.2    -8.09094e-08
39654.2    -8.66095e-08
39672.1    -8.72904e-08
39690.1    -7.80807e-08
39708    -7.84566e-08
39726    -8.06373e-08
39743.9    -8.07632e-08
39761.8    -8.23184e-08
39779.8    -8.71359e-08
39797.7    -7.79252e-08
39815.7    -7.83031e-08
39833.6    -7.82907e-08
39851.6    -8.04714e-08
39869.5    -8.20502e-08
39887.4    -8.65421e-08
39905.4    -8.91696e-08
39923.3    -7.77696e-08
39941.3    -7.81408e-08
39959.2    -8.03218e-08
39977.2    -8.04741e-08
39995.1    -8.61458e-08
40013    -8.68258e-08
40031    -7.76161e-08
40048.9    -7.7991e-08
40066.9    -8.01721e-08
40084.8    -8.02983e-08
40102.8    -8.18549e-08
40120.7    -8.66717e-08
40138.6    -7.74603e-08
40156.6    -7.78379e-08
40174.5    -7.80601e-08
40192.5    -8.00078e-08
40210.4    -8.15863e-08
40228.4    -8.65155e-08
40246.3    -8.87121e-08
40264.3    -7.73051e-08
40282.2    -7.76747e-08
40300.1    -7.98555e-08
40318.1    -8.00118e-08
40336    -8.56808e-08
40354    -8.63615e-08
40371.9    -7.71512e-08
40389.9    -7.7526e-08
40407.8    -7.97065e-08
40425.7    -7.98319e-08
40443.7    -8.22316e-08
40461.6    -8.62076e-08
40479.6    -7.69958e-08
40497.5    -7.73725e-08
40515.5    -7.75962e-08
40533.4    -7.96066e-08
40551.3    -8.12284e-08
40569.3    -8.60514e-08
40587.2    -9.04256e-08
40605.2    -7.68364e-08
40623.1    -7.7206e-08
40641.1    -7.93898e-08
40659    -7.95505e-08
40676.9    -8.54597e-08
40694.9    -8.80909e-08
40712.8    -7.66881e-08
40730.8    -7.70589e-08
40748.7    -7.92393e-08
40766.7    -7.9361e-08
40784.6    -8.50614e-08
40802.5    -8.57419e-08
40820.5    -7.6531e-08
40838.4    -7.6908e-08
40856.4    -7.85766e-08
40874.3    -7.92163e-08
40892.3    -8.07653e-08
40910.2    -8.55871e-08
40928.1    -7.63764e-08
40946.1    -7.6371e-08
40964    -7.67422e-08
40982    -7.89243e-08
40999.9    -8.05023e-08
41017.9    -8.49948e-08
41035.8    -8.76267e-08
41053.7    -7.62224e-08
41071.7    -7.65936e-08
41089.6    -7.87732e-08
41107.6    -7.88959e-08
41125.5    -8.45967e-08
41143.5    -8.52767e-08
41161.4    -7.60681e-08
41179.3    -7.6443e-08
41197.3    -7.86238e-08
41215.2    -7.87502e-08
41233.2    -8.03049e-08
41251.1    -8.51233e-08
41269.1    -7.59118e-08
41287    -7.62896e-08
41304.9    -7.65117e-08
41322.9    -7.84595e-08
41340.8    -8.01435e-08
41358.8    -8.49668e-08
41376.7    -8.71637e-08
41394.7    -7.57568e-08
41412.6    -7.61269e-08
41430.6    -7.83077e-08
41448.5    -7.84622e-08
41466.4    -8.41324e-08
41484.4    -8.48128e-08
41502.3    -7.56023e-08
41520.3    -7.59772e-08
41538.2    -7.81589e-08
41556.2    -7.82846e-08
41574.1    -8.06792e-08
41592    -8.46589e-08
41610    -7.54472e-08
41627.9    -7.58238e-08
41645.9    -7.60476e-08
41663.8    -7.8133e-08
41681.8    -7.96796e-08
41699.7    -8.45027e-08
41717.6    -8.88773e-08
41735.6    -7.52873e-08
41753.5    -7.56574e-08
41771.5    -7.78414e-08
41789.4    -7.80014e-08
41807.4    -8.39112e-08
41825.3    -8.65422e-08
41843.2    -7.51395e-08
41861.2    -7.55102e-08
41879.1    -7.76907e-08
41897.1    -7.78129e-08
41915    -8.35123e-08
41933    -8.41933e-08
41950.9    -7.49823e-08
41968.8    -7.53594e-08
41986.8    -7.70277e-08
42004.7    -7.76677e-08
42022.7    -7.92165e-08
42040.6    -8.40385e-08
42058.6    -7.48277e-08
42076.5    -7.48224e-08
42094.4    -7.51937e-08
42112.4    -7.73758e-08
42130.3    -7.75383e-08
42148.3    -8.34462e-08
42166.2    -8.60781e-08
42184.2    -7.46735e-08
42202.1    -7.5045e-08
42220    -7.72247e-08
42238    -7.73473e-08
42255.9    -8.30481e-08
42273.9    -8.37281e-08
42291.8    -7.45194e-08
42309.8    -7.48944e-08
42327.7    -7.70752e-08
42345.6    -7.72016e-08
42363.6    -7.87564e-08
42381.5    -8.35747e-08
42399.5    -7.43637e-08
42417.4    -7.47416e-08
42435.4    -7.47287e-08
42453.3    -7.69114e-08
42471.2    -7.8595e-08
42489.2    -8.34185e-08
42507.1    -8.5614e-08
42525.1    -7.42087e-08
42543    -7.45799e-08
42561    -7.676e-08
42578.9    -7.68823e-08
42596.8    -8.25832e-08
42614.8    -8.32637e-08
42632.7    -7.40547e-08
42650.7    -7.44293e-08
42668.6    -7.66104e-08
42686.6    -7.67365e-08
42704.5    -7.9129e-08
42722.5    -8.31099e-08
42740.4    -7.3899e-08
42758.3    -7.42749e-08
42776.3    -7.44995e-08
42794.2    -7.65841e-08
42812.2    -7.81323e-08
42830.1    -8.29526e-08
42848.1    -8.51495e-08
42866    -7.37442e-08
42883.9    -7.41112e-08
42901.9    -7.62933e-08
42919.8    -7.64513e-08
42937.8    -8.23641e-08
42955.7    -8.27997e-08
42973.7    -7.35892e-08
42991.6    -7.39628e-08
43009.5    -7.61441e-08
43027.5    -7.62688e-08
43045.4    -7.86734e-08
43063.4    -8.26444e-08
43081.3    -7.34338e-08
43099.3    -7.38104e-08
43117.2    -7.40339e-08
43135.1    -7.61193e-08
43153.1    -7.76671e-08
43171    -8.24895e-08
43189    -8.68635e-08
43206.9    -7.32737e-08
43224.9    -7.36448e-08
43242.8    -7.58273e-08
43260.7    -7.59251e-08
43278.7    -8.18332e-08
43296.6    -8.44651e-08
43314.6    -7.30602e-08
43332.5    -7.34318e-08
43350.5    -7.56123e-08
43368.4    -7.56698e-08
43386.3    -8.13714e-08
43404.3    -8.20513e-08
43422.2    -7.28419e-08
43440.2    -7.32169e-08
43458.1    -7.53978e-08
43476.1    -7.54601e-08
43494    -7.70155e-08
43511.9    -8.18331e-08
43529.9    -7.26223e-08
43547.8    -7.29999e-08
43565.8    -7.32236e-08
43583.7    -7.52415e-08
43601.7    -7.67902e-08
43619.6    -8.1612e-08
43637.5    -8.3802e-08
43655.5    -7.2402e-08
43673.4    -7.27728e-08
43691.4    -7.49537e-08
43709.3    -7.50424e-08
43727.3    -8.07131e-08
43745.2    -8.13935e-08
43763.1    -7.2184e-08
43781.1    -7.25594e-08
43799    -7.47403e-08
43817    -7.48021e-08
43834.9    -7.71946e-08
43852.9    -8.1176e-08
43870.8    -7.19645e-08
43888.8    -7.23412e-08
43906.7    -7.25647e-08
43924.6    -7.45862e-08
43942.6    -7.61333e-08
43960.5    -8.09545e-08
43978.5    -8.31499e-08
43996.4    -7.17456e-08
44014.4    -7.21123e-08
44032.3    -7.42936e-08
44050.2    -7.43884e-08
44068.2    -8.03003e-08
44086.1    -8.07365e-08
44104.1    -7.15259e-08
44122    -7.18993e-08
44140    -7.40809e-08
44157.9    -7.4141e-08
44175.8    -7.65463e-08
44193.8    -8.05169e-08
44211.7    -7.13061e-08
44229.7    -7.16833e-08
44247.6    -7.19066e-08
44265.6    -7.39274e-08
44283.5    -7.54769e-08
44301.4    -8.02968e-08
44319.4    -8.4672e-08
44337.3    -7.10826e-08
44355.3    -7.14536e-08
44373.2    -7.36361e-08
44391.2    -7.38398e-08
44409.1    -7.96418e-08
44427    -8.22738e-08
44445    -7.0869e-08
44462.9    -7.12402e-08
44480.9    -7.34217e-08
44498.8    -7.34788e-08
44516.8    -7.91799e-08
44534.7    -7.98606e-08
44552.6    -7.06508e-08
44570.6    -7.10257e-08
44588.5    -7.32069e-08
44606.5    -7.32692e-08
44624.4    -7.48245e-08
44642.4    -7.96417e-08
44660.3    -7.04319e-08
44678.2    -7.08091e-08
44696.2    -7.10327e-08
44714.1    -7.30519e-08
44732.1    -7.45976e-08
44750    -7.94208e-08
44768    -8.16101e-08
44785.9    -7.02113e-08
44803.8    -7.05819e-08
44821.8    -7.27637e-08
44839.7    -7.28491e-08
44857.7    -7.85208e-08
44875.6    -7.92012e-08
44893.6    -6.9991e-08
44911.5    -7.03661e-08
44929.4    -7.25477e-08
44947.4    -7.26094e-08
44965.3    -7.50028e-08
44983.3    -7.89833e-08
45001.2    -6.9772e-08
45019.2    -7.01488e-08
45037.1    -7.03723e-08
45055.1    -7.23938e-08
45073    -7.39405e-08
45090.9    -7.8762e-08
45108.9    -8.09586e-08
45126.8    -6.95539e-08
45144.8    -6.99219e-08
45162.7    -7.2102e-08
45180.7    -7.21973e-08
45198.6    -7.81087e-08
45216.5    -7.85455e-08
45234.5    -6.93338e-08
45252.4    -6.97083e-08
45270.4    -7.18904e-08
45288.3    -7.19501e-08
45306.3    -7.43521e-08
45324.2    -7.83265e-08
45342.1    -6.91154e-08
45360.1    -6.94918e-08
45378    -6.97154e-08
45396    -7.17366e-08
45413.9    -7.32837e-08
45431.9    -7.81079e-08
45449.8    -8.2481e-08
45467.7    -6.88912e-08
45485.7    -6.94984e-08
45503.6    -7.14451e-08
45521.6    -7.16485e-08
45539.5    -7.78882e-08
45557.5    -8.0083e-08
45575.4    -6.86778e-08
45593.3    -6.90492e-08
45611.3    -7.12306e-08
45629.2    -7.12878e-08
45647.2    -7.69891e-08
45665.1    -7.76696e-08
45683.1    -6.84595e-08
45701    -6.88347e-08
45718.9    -7.10163e-08
45736.9    -7.10781e-08
45754.8    -7.26337e-08
45772.8    -7.74514e-08
45790.7    -6.82408e-08
45808.7    -6.86189e-08
45826.6    -6.88404e-08
45844.5    -7.08638e-08
45862.5    -7.24075e-08
45880.4    -7.72316e-08
45898.4    -7.94254e-08
45916.3    -6.80228e-08
45934.3    -6.83929e-08
45952.2    -7.05726e-08
45970.1    -7.06314e-08
45988.1    -7.65783e-08
46006    -7.70129e-08
46024    -6.78032e-08
46041.9    -6.81778e-08
46059.9    -7.036e-08
46077.8    -7.04205e-08
46095.7    -7.28156e-08
46113.7    -7.67938e-08
46131.6    -6.75831e-08
46149.6    -6.79605e-08
46167.5    -6.81839e-08
46185.5    -7.02048e-08
46203.4    -7.17519e-08
46221.4    -7.6575e-08
46239.3    -8.09489e-08
46257.2    -6.73595e-08
46275.2    -6.77308e-08
46293.1    -6.99132e-08
46311.1    -7.01164e-08
46329    -7.59189e-08
46347    -7.85509e-08
46364.9    -6.71473e-08
46382.8    -6.75188e-08
46400.8    -6.96991e-08
46418.7    -6.97568e-08
46436.7    -7.54574e-08
46454.6    -7.61371e-08
46472.6    -6.69275e-08
46490.5    -6.73035e-08
46508.4    -6.89723e-08
46526.4    -6.95484e-08
46544.3    -7.09892e-08
46562.3    -7.58127e-08
46580.2    -6.66031e-08
46598.2    -6.69801e-08
46616.1    -6.72036e-08
46634    -6.92264e-08
46652    -7.0662e-08
46669.9    -7.54874e-08
46687.9    -7.76814e-08
46705.8    -6.62779e-08
46723.8    -6.66485e-08
46741.7    -6.88289e-08
46759.6    -6.88869e-08
46777.6    -7.44817e-08
46795.5    -7.51621e-08
46813.5    -6.59529e-08
46831.4    -6.63284e-08
46849.4    -6.85091e-08
46867.3    -6.85713e-08
46885.2    -7.08567e-08
46903.2    -7.48387e-08
46921.1    -6.56272e-08
46939.1    -6.60042e-08
46957    -6.62277e-08
46975    -6.82492e-08
46992.9    -6.96883e-08
47010.8    -7.45125e-08
47028.8    -7.67081e-08
47046.7    -6.53039e-08
47064.7    -6.56712e-08
47082.6    -6.78517e-08
47100.6    -6.79469e-08
47118.5    -7.37522e-08
47136.4    -7.4189e-08
47154.4    -6.49777e-08
47172.3    -6.53522e-08
47190.3    -6.75343e-08
47208.2    -6.75941e-08
47226.2    -6.98908e-08
47244.1    -7.3863e-08
47262    -6.4653e-08
47280    -6.50297e-08
47297.9    -6.52535e-08
47315.9    -6.72748e-08
47333.8    -6.8715e-08
47351.8    -7.35396e-08
47369.7    -7.7913e-08
47387.7    -6.43231e-08
47405.6    -6.49305e-08
47423.5    -6.68772e-08
47441.5    -6.69743e-08
47459.4    -7.27768e-08
47477.4    -7.5409e-08
47495.3    -6.40045e-08
47513.3    -6.43759e-08
47531.2    -6.65564e-08
47549.1    -6.66145e-08
47567.1    -7.22088e-08
47585    -7.28892e-08
47603    -6.36801e-08
47620.9    -6.40559e-08
47638.9    -6.62366e-08
47656.8    -6.62988e-08
47674.7    -6.77466e-08
47692.7    -7.25655e-08
47710.6    -6.33546e-08
47728.6    -6.37328e-08
47746.5    -6.39554e-08
47764.5    -6.5975e-08
47782.4    -6.74165e-08
47800.3    -7.2239e-08
47818.3    -7.44278e-08
47836.2    -6.30301e-08
47854.2    -6.34002e-08
47872.1    -6.55806e-08
47890.1    -6.56701e-08
47908    -7.12339e-08
47925.9    -7.1915e-08
47943.9    -6.27052e-08
47961.8    -6.30802e-08
47979.8    -6.52624e-08
47997.7    -6.52478e-08
48015.7    -6.75357e-08
48033.6    -7.15164e-08
48051.5    -6.23044e-08
48069.5    -6.26818e-08
48087.4    -6.29054e-08
48105.4    -6.48513e-08
48123.3    -6.62935e-08
48141.3    -7.11141e-08
48159.2    -7.33105e-08
48177.1    -6.19056e-08
48195.1    -6.22738e-08
48213    -6.44539e-08
48231    -6.44747e-08
48248.9    -7.02796e-08
48266.9    -7.07166e-08
48284.8    -6.15051e-08
48302.7    -6.1879e-08
48320.7    -6.40611e-08
48338.6    -6.40454e-08
48356.6    -6.63458e-08
48374.5    -7.03152e-08
48392.5    -6.11055e-08
48410.4    -6.14818e-08
48428.3    -6.17055e-08
48446.3    -6.36518e-08
48464.2    -6.50927e-08
48482.2    -6.99168e-08
48500.1    -7.42902e-08
48518.1    -6.07001e-08
48536    -6.13076e-08
48554    -6.32538e-08
48571.9    -6.46922e-08
48589.8    -6.95163e-08
48607.8    -7.17103e-08
48625.7    -6.03066e-08
48643.7    -6.06772e-08
48661.6    -6.28587e-08
48679.6    -6.28408e-08
48697.5    -6.84362e-08
48715.4    -6.91167e-08
48733.4    -5.99065e-08
48751.3    -6.02819e-08
48769.3    -6.24635e-08
48787.2    -6.24503e-08
48805.2    -6.4737e-08
48823.1    -6.87178e-08
48841    -5.95066e-08
48859    -5.98834e-08
48876.9    -6.01072e-08
48894.9    -6.20537e-08
48912.8    -6.34938e-08
48930.8    -6.83155e-08
48948.7    -7.05117e-08
48966.6    -5.91097e-08
48984.6    -5.94761e-08
49002.5    -6.16566e-08
49020.5    -6.16748e-08
49038.4    -6.74811e-08
49056.4    -6.79171e-08
49074.3    -5.87072e-08
49092.2    -5.9082e-08
49110.2    -6.12638e-08
49128.1    -6.12499e-08
49146.1    -6.35392e-08
49164    -6.75171e-08
49182    -5.83065e-08
49199.9    -5.86839e-08
49217.8    -5.89073e-08
49235.8    -6.08533e-08
49253.7    -6.22944e-08
49271.7    -6.71176e-08
49289.6    -7.14916e-08
49307.6    -5.79022e-08
49325.5    -5.82733e-08
49343.4    -6.04557e-08
49361.4    -6.04783e-08
49379.3    -6.62804e-08
49397.3    -6.89125e-08
49415.2    -5.7508e-08
49433.2    -5.78792e-08
49451.1    -5.98249e-08
49469    -5.98071e-08
49487    -6.54021e-08
49504.9    -6.60827e-08
49522.9    -5.68731e-08
49540.8    -5.72482e-08
49558.8    -5.91938e-08
49576.7    -5.91812e-08
49594.6    -6.06303e-08
49612.6    -6.54477e-08
49630.5    -5.6238e-08
49648.5    -5.66152e-08
49666.4    -5.66031e-08
49684.4    -5.8547e-08
49702.3    -5.99892e-08
49720.2    -6.48112e-08
49738.2    -6.70004e-08
49756.1    -5.56024e-08
49774.1    -5.5973e-08
49792    -5.79178e-08
49810    -5.7932e-08
49827.9    -6.34963e-08
49845.9    -6.41768e-08
49863.8    -5.49675e-08
49881.7    -5.5343e-08
49899.7    -5.72888e-08
49917.6    -5.72755e-08
49935.6    -5.95621e-08
49953.5    -6.3543e-08
49971.5    -5.43319e-08
49989.4    -5.47085e-08
50007.3    -5.4697e-08
50025.3    -5.66433e-08
50043.2    -5.80833e-08
50061.2    -6.29072e-08
50079.1    -6.51027e-08
50097.1    -5.36976e-08
50115    -5.40655e-08
50132.9    -5.60106e-08
50150.9    -5.60305e-08
50168.8    -6.18368e-08
50186.8    -6.22724e-08
50204.7    -5.30623e-08
50222.7    -5.34362e-08
50240.6    -5.53819e-08
50258.5    -5.53674e-08
50276.5    -5.76665e-08
50294.4    -6.16368e-08
50312.4    -5.24267e-08
50330.3    -5.28033e-08
50348.3    -5.27919e-08
50366.2    -5.47377e-08
50384.1    -5.61793e-08
50402.1    -6.10023e-08
50420    -6.53764e-08
50438    -5.17868e-08
50455.9    -5.21578e-08
50473.9    -5.41051e-08
50491.8    -5.55426e-08
50509.7    -6.03679e-08
50527.7    -6.25611e-08
50545.6    -5.11581e-08
50563.6    -5.15295e-08
50581.5    -5.3473e-08
50599.5    -5.34574e-08
50617.4    -5.9051e-08
50635.3    -5.92943e-08
50653.3    -5.00854e-08
50671.2    -5.04608e-08
50689.2    -5.24066e-08
50707.1    -5.23936e-08
50725.1    -5.38428e-08
50743    -5.82232e-08
50760.9    -4.90121e-08
50778.9    -4.93906e-08
50796.8    -4.93776e-08
50814.8    -5.13256e-08
50832.7    -5.27642e-08
50850.7    -5.71517e-08
50868.6    -5.93463e-08
50886.6    -4.79422e-08
50904.5    -4.83127e-08
50922.4    -5.0256e-08
50940.4    -5.0275e-08
50958.3    -5.60833e-08
50976.3    -5.60801e-08
50994.2    -4.6871e-08
51012.2    -4.72465e-08
51030.1    -4.91928e-08
51048    -4.91795e-08
51066    -5.14677e-08
51083.9    -5.47638e-08
51101.9    -4.55527e-08
51119.8    -4.59298e-08
51137.8    -4.59187e-08
51155.7    -4.78649e-08
51173.6    -4.93059e-08
51191.6    -5.34455e-08
51209.5    -5.78199e-08
51227.5    -4.42307e-08
51245.4    -4.46019e-08
51263.4    -4.65496e-08
51281.3    -4.65715e-08
51299.2    -5.21283e-08
51317.2    -5.43217e-08
51335.1    -4.29198e-08
51353.1    -4.32914e-08
51371    -4.52359e-08
51389    -4.52197e-08
51406.9    -5.08137e-08
51424.8    -5.081e-08
51442.8    -4.16e-08
51460.7    -4.19769e-08
51478.7    -4.34107e-08
51496.6    -4.39116e-08
51514.6    -4.53541e-08
51532.5    -4.86555e-08
51550.4    -3.94445e-08
51568.4    -3.98221e-08
51586.3    -3.98105e-08
51604.3    -4.17573e-08
51622.2    -4.31939e-08
51640.2    -4.64972e-08
51658.1    -4.86906e-08
51676    -3.72867e-08
51694    -3.72741e-08
51711.9    -3.92169e-08
51729.9    -3.9202e-08
51747.8    -4.39563e-08
51765.8    -4.39545e-08
51783.7    -3.47447e-08
51801.6    -3.47363e-08
51819.6    -3.66821e-08
51837.5    -3.66704e-08
51855.5    -3.67043e-08
51873.4    -3.99998e-08
51891.4    -3.07895e-08
51909.3    -3.07828e-08
51927.2    -3.07711e-08
51945.2    -3.27187e-08
51963.1    -3.27425e-08
51981.1    -3.60454e-08
51999    -3.82414e-08
52017    -2.68353e-08
52034.9    -2.6822e-08
52052.8    -2.87659e-08
52070.8    -2.87862e-08
52088.7    -3.20934e-08
52106.7    -3.2092e-08
52124.6    -2.07041e-08
52142.6    -2.07041e-08
52160.5    -2.26561e-08
52178.5    -2.2646e-08
52196.4    -2.26892e-08
52214.3    -2.5981e-08
52232.3    -1.23968e-08
52250.2    -1.23968e-08
52268.2    -1.23967e-08
52286.1    -1.38419e-08
52304.1    -1.38418e-08
52322    -1.38418e-08
52339.9    -1.38418e-08
52357.9    -2.57612e-10
52375.8    -2.57612e-10
