TIME[ns],    Itot[uA],
0    -6.92583e-07
3.25746e-05    -362.285
1.00309    -232.15
2.00615    -9.00096e+10
3.01552    -1.14266e+11
4.05592    -2.44248e+19
5.05931    -1.59362e+19
6.10334    -1.59362e+19
7.10672    -2.39043e+19
8.15198    -2.39043e+19
9.15536    -3.18724e+19
10.2018    -3.18724e+19
11.2052    -3.98405e+19
12.2584    -5.64169e+19
13.2618    -8.13751e+19
14.315    -1.65548e+28
15.3624    -1.65548e+28
16.3657    -3.31095e+28
17.4133    -3.31095e+28
18.4167    -3.31095e+28
19.4647    -3.31095e+28
20.468    -3.31095e+28
21.5163    -3.31095e+28
22.5211    -3.31095e+28
23.5677    -3.31095e+28
24.5724    -4.96643e+28
25.618    -8.35921e+28
26.6648    -1.00981e+29
27.6697    -1.35307e+29
28.7169    -3.43946e+37
29.7217    -3.43946e+37
30.7679    -3.43946e+37
31.7727    -3.43946e+37
32.8259    -3.43946e+37
33.8307    -3.43946e+37
34.8762    -3.43946e+37
35.881    -3.43946e+37
36.9253    -3.43946e+37
37.9301    -6.87893e+37
38.9789    -6.87893e+37
40.0245    -1.03184e+38
41.0802    -1.03184e+38
42.1377    -1.03184e+38
43.1785    -1.03184e+38
44.2253    -1.03184e+38
45.2438    -6.87893e+37
46.2956    -1.40611e+38
47.3418    -1.03184e+38
48.3935    -2.48628e+38
49.4413    -2.4413e+38
50.4925    -1.49401e+47
51.5379    -7.14593e+46
52.5921    -2.20386e+47
53.6415    -1.42919e+47
54.6656    -1.42919e+47
55.7107    -2.14378e+47
56.7218    -2.14378e+47
57.7904    -2.14378e+47
58.8376    -2.14378e+47
59.8881    -2.14378e+47
60.9169    -2.14378e+47
61.9829    -2.14378e+47
63.0326    -2.14378e+47
64.0845    -2.14378e+47
65.1221    -2.14378e+47
66.1641    -2.92701e+47
67.1783    -4.42352e+47
68.2346    -5.16679e+47
69.2805    -4.43025e+47
70.3296    -3.09585e+56
71.3737    -1.48466e+56
72.4052    -1.48466e+56
73.4558    -4.58984e+56
74.5013    -6.13315e+56
75.5435    -9.20365e+56
76.5854    -6.42749e+65
77.6512    -3.08457e+65
78.7303    -3.08457e+65
79.7672    -3.08457e+65
80.8205    -3.08457e+65
81.8692    -3.08457e+65
82.8942    -3.08457e+65
83.9439    -3.08457e+65
84.9947    -3.08457e+65
86.0237    -3.08457e+65
87.0702    -3.08457e+65
88.1118    -9.5449e+65
89.1607    -6.16914e+65
90.2058    -6.16914e+65
91.2106    -6.16914e+65
92.2769    -6.16914e+65
93.2884    -6.16914e+65
94.3426    -6.16914e+65
95.3591    -3.08457e+65
96.3829    -3.08457e+65
97.4174    -3.08457e+65
98.4643    -3.08457e+65
99.5122    -9.50048e+65
100.557    -6.16914e+65
101.575    -6.16914e+65
102.578    -6.16914e+65
103.589    -9.25372e+65
104.654    -9.25372e+65
105.681    -9.25372e+65
106.728    -9.25372e+65
107.773    -9.21428e+65
108.814    -2.21547e+66
109.858    -2.18017e+66
110.907    -1.84283e+66
111.974    -2.14736e+66
113.027    -2.45581e+66
114.107    -2.45581e+66
115.157    -2.77072e+66
116.233    -2.77114e+66
117.282    -3.08995e+66
118.331    -2.78231e+66
119.376    -2.78312e+66
120.425    -2.83516e+66
121.457    -3.45423e+66
122.519    -2.83054e+66
123.568    -2.83102e+66
124.583    -2.80788e+66
125.617    -2.52509e+66
126.666    -3.14183e+66
127.719    -3.14476e+66
128.724    -2.50184e+66
129.769    -2.19342e+66
130.807    -2.17055e+66
131.866    -3.14905e+66
132.908    -2.81783e+66
133.967    -3.48382e+66
135.033    -3.72758e+66
136.038    -3.68858e+66
137.095    -4.09469e+66
138.141    -4.16457e+66
139.208    -5.07184e+66
140.279    -1.37015e+75
141.327    -1.34349e+75
142.377    -2.78238e+84
143.428    -1.33147e+84
144.486    -1.33147e+84
145.532    -1.33147e+84
146.578    -1.33147e+84
147.628    -1.33147e+84
148.698    -1.33147e+84
149.747    -1.33147e+84
150.8    -1.33147e+84
151.873    -1.33147e+84
152.919    -1.33147e+84
153.963    -1.33147e+84
155.016    -1.33147e+84
156.083    -1.33147e+84
157.162    -1.33147e+84
158.209    -1.33147e+84
159.253    -6.9354e+84
160.301    -5.45619e+84
161.356    -5.75824e+93
162.406    -2.7663e+93
163.46    -8.53077e+93
164.534    -5.5326e+93
165.583    -5.5326e+93
166.63    -5.5326e+93
167.677    -5.5326e+93
168.722    -5.5326e+93
169.768    -5.5326e+93
170.825    -5.5326e+93
171.871    -5.5326e+93
172.916    -5.5326e+93
173.966    -1.13206e+94
175.035    -8.2989e+93
176.109    -8.2989e+93
177.256    -8.2989e+93
178.33    -8.2989e+93
179.383    -8.2989e+93
180.43    -5.5326e+93
181.478    -5.5326e+93
182.534    -2.7663e+93
183.606    -2.7663e+93
184.653    -2.7663e+93
185.71    -2.7663e+93
186.781    -2.7663e+93
187.862    -2.7663e+93
189.076    -2.7663e+93
190.237    -2.7663e+93
191.513    -2.7663e+93
192.698    -2.7663e+93
193.861    -2.66294e+84
195.138    -2.66294e+84
196.3    -2.66294e+84
197.462    -2.66294e+84
198.735    -2.66294e+84
199.921    -2.66294e+84
201.082    -5.83784e+74
202.268    -7.23576e+74
203.429    -5.52506e+74
204.702    -1.83214e+74
205.996    7.67026e+73
207.157    -6.31678e+73
208.423    -4.92685e+72
209.584    1.58722e+73
210.754    5.98944e+72
211.918    7.62641e+71
213.082    2.31242e+73
214.244    -1.50811e+73
215.407    3.70934e+73
216.583    -4.21715e+73
217.884    -5.44326e+73
219.047    6.14649e+73
220.265    -7.47883e+73
221.441    6.91605e+73
222.745    -1.52302e+74
223.907    1.58604e+74
225.204    -2.24873e+74
226.475    1.36216e+74
227.639    -8.55975e+73
228.8    1.03919e+74
229.996    -8.59897e+73
231.159    9.99657e+73
232.433    -1.48766e+74
233.595    1.60323e+74
234.879    -2.11543e+74
236.122    1.51421e+74
237.371    -1.66763e+74
238.618    1.12107e+74
239.785    -5.99754e+73
241.014    2.96698e+73
242.177    1.96159e+73
243.342    7.80865e+72
244.502    3.72007e+73
245.664    -1.05973e+73
246.825    4.89475e+73
248.063    -8.88607e+73
249.365    7.57737e+72
250.823    -2.22538e+74
251.985    2.71599e+74
253.29    -3.22406e+74
254.579    2.58921e+74
255.741    -1.90309e+74
257.032    1.3642e+74
258.195    -7.75063e+73
259.415    8.93941e+73
260.578    -3.89586e+73
261.79    5.46277e+73
262.995    -4.5121e+73
264.33    -4.02537e+73
265.783    -1.52716e+74
266.946    2.22066e+74
268.261    -2.67619e+74
269.423    3.27125e+74
270.585    -2.48677e+74
271.867    2.03541e+74
273.26    -3.15805e+74
274.76    1.00683e+74
275.921    -1.21969e+73
277.236    -1.53703e+73
278.398    8.99764e+73
279.689    -9.53512e+73
281.081    -2.19853e+73
282.562    -1.28109e+74
284.892    -6.86924e+74
286.062    1.55723e+74
287.275    3.51424e+73
288.617    2.80874e+73
290.086    -4.0179e+73
291.247    2.16624e+74
292.553    -1.17294e+74
293.713    2.6722e+74
295.004    -1.75529e+74
296.398    1.29727e+74
297.888    -1.91247e+74
299.634    -1.0481e+74
301.973    -5.21333e+74
304.319    -7.59169e+73
306.668    -2.23997e+74
309.023    -6.38269e+73
311.463    -1.18623e+74
313.899    -5.16695e+73
316.341    -2.60815e+73
318.783    -4.80208e+73
321.36    -4.13718e+73
323.928    -4.0577e+73
326.495    1.30418e+73
329.054    -3.83629e+73
334.971    -1.26363e+75
345.02    -1.94499e+75
347.373    -1.94502e+75
349.056    -1.95118e+75
350.935    -1.70933e+75
352.981    -2.46368e+75
355.289    -4.15694e+75
356.974    -4.15562e+75
359.003    -2.23929e+75
361.274    -2.23911e+75
363.545    -2.06608e+75
365.817    -2.06606e+75
368.086    -2.06938e+75
369.414    -2.06937e+75
370.553    -2.06936e+75
371.714    -2.2608e+75
373.081    -2.26068e+75
374.316    -2.26057e+75
375.483    -2.26046e+75
376.927    -4.2084e+75
378.394    -4.20701e+75
379.732    -4.20575e+75
381.451    -2.04331e+75
383.156    -2.0433e+75
385.406    -2.0433e+75
387.09    -2.0433e+75
388.725    -2.04329e+75
390.103    -3.98611e+75
391.691    -5.73401e+84
392.74    -4.26531e+84
394.137    -4.24762e+84
396.287    -4.23023e+84
398.443    -4.58021e+84
400.605    -4.76163e+84
402.764    -4.99181e+84
404.219    -6.19979e+84
405.318    -4.16243e+84
406.45    -4.16241e+84
407.571    -4.16239e+84
408.707    -4.16238e+84
409.843    -4.13938e+84
410.978    -4.13937e+84
412.113    -4.13936e+84
413.265    -4.13934e+84
414.412    -4.39999e+84
415.602    -4.39983e+84
417.861    -4.39953e+84
420.12    -7.58604e+84
422.38    -7.5827e+84
424.535    -4.05403e+84
426.236    -4.05403e+84
427.333    -4.05403e+84
428.528    -4.05403e+84
430.046    -4.05403e+84
431.83    -4.05404e+84
433.5    -4.02903e+84
435.706    -4.02904e+84
437.907    -4.02904e+84
439.434    -4.02904e+84
440.733    -4.02904e+84
441.791    -2.06796e+85
443.117    -1.75536e+94
444.32    -1.24207e+94
445.591    -1.64186e+94
446.73    -2.81775e+94
448.011    -8.31724e+93
449.075    -8.31724e+93
450.16    -8.31725e+93
451.249    -8.31725e+93
452.36    -8.31725e+93
454.608    -8.31725e+93
456.858    -8.30605e+93
459.111    -8.30605e+93
461.364    -8.30606e+93
463.617    -8.30606e+93
465.87    -4.47062e+94
466.915    -4.60408e+103
468.105    -2.67057e+103
469.285    -2.79793e+103
471.106    -5.75091e+103
472.973    -1.72245e+103
474.544    -1.72245e+103
476.796    -1.72245e+103
479.047    -1.72245e+103
481.297    -1.7086e+103
483.547    -1.7086e+103
485.797    -1.7086e+103
488.047    -2.98264e+103
489.156    -2.9811e+103
490.261    -4.40731e+103
491.388    -5.37941e+112
492.513    -3.48289e+112
493.655    -3.47268e+112
494.791    -3.46037e+112
496.042    -3.4443e+112
497.397    -7.24479e+111
498.843    -6.08312e+111
500.198    -4.05838e+111
502.243    1.32752e+112
503.522    5.00029e+112
504.972    -3.22087e+112
506.352    -3.22259e+112
507.823    -8.32982e+112
508.87    -8.21619e+112
509.922    -1.03636e+122
510.999    -4.96174e+121
512.076    -4.96174e+121
513.858    -4.96174e+121
515.795    -4.96174e+121
518.044    -4.96174e+121
520.292    -4.96174e+121
522.54    -4.96174e+121
524.065    -4.96174e+121
526.15    -4.96174e+121
528.399    -2.98604e+112
530.647    -4.06364e+112
533.073    -3.58232e+112
534.913    -3.58232e+112
537.162    -3.58232e+112
539.41    -3.58232e+112
541.658    -3.58232e+112
543.751    -3.58232e+112
545.696    -3.58232e+112
547.684    -3.58232e+112
549.932    -3.58232e+112
551.761    2.56133e+92
554.009    -3.03145e+92
555.759    4.52637e+92
557.38    -9.76203e+91
558.978    3.26075e+92
561.25    -5.26073e+92
563.333    2.78535e+92
564.667    2.37635e+92
566.666    -2.73572e+92
568.632    2.03309e+92
570.222    6.66542e+91
572.492    -3.27304e+92
574.762    -1.51951e+90
577.031    -1.28658e+92
579.299    -3.48838e+91
580.506    6.67424e+92
581.741    -6.32005e+91
582.977    5.83632e+92
584.948    -6.05539e+92
586.303    5.09405e+92
588.386    -6.59824e+92
590.583    1.64169e+92
592.289    3.43513e+91
594.554    -3.35718e+92
595.651    4.80923e+92
597.861    -6.42182e+92
600.077    2.14335e+92
602.303    -3.11237e+92
604.53    7.59279e+91
605.824    4.91829e+92
607.443    -1.74586e+92
608.898    5.12049e+92
610.79    -4.78283e+92
612.735    3.22274e+92
614.632    -3.03536e+92
616.385    3.54373e+92
617.941    -9.61975e+91
620.2    -2.61844e+92
622.286    5.01095e+91
624.168    2.91744e+91
626.072    -1.51406e+91
628.33    -2.0851e+92
630.588    -4.26939e+91
632.845    -6.93334e+91
635.103    -5.73963e+91
637.361    1.49598e+90
639.618    -6.41894e+91
641.874    3.72177e+91
643.263    4.86263e+92
644.623    7.32712e+91
645.658    6.04862e+92
646.936    -8.64655e+91
648.232    4.70448e+92
649.398    5.45313e+91
651.652    -5.21209e+92
653.906    7.53744e+91
656.16    -3.11353e+92
658.32    1.48682e+92
660.198    -1.63349e+91
662.219    2.65464e+91
664.401    -1.56146e+92
666.228    3.01086e+92
668.481    -4.23895e+92
669.555    3.61198e+92
671.058    1.66102e+91
672.374    3.96524e+92
674.625    -6.61693e+92
676.876    1.68334e+92
679.127    -3.04977e+92
680.823    4.59729e+92
682.852    -4.15652e+92
685.103    7.08453e+91
686.801    2.00065e+92
688.312    1.55299e+92
690.088    -2.71549e+93
691.133    -2.06937e+93
693.271    -3.47753e+93
695.416    -6.22675e+91
697.573    -6.11174e+92
699.736    1.17764e+93
701.896    -2.7114e+93
703.371    -1.98568e+93
705.841    -3.32724e+93
708.311    -2.34238e+93
710.778    -2.8312e+93
713.239    -8.07062e+91
715.693    -5.90916e+92
726.752    -7.3271e+93
733.801    -4.72227e+93
735.016    -5.51435e+93
736.733    -7.094e+93
738.579    -7.09206e+93
740.17    -7.09025e+93
742.418    -5.83365e+93
744.666    -5.83338e+93
746.913    -5.7212e+93
748.716    -5.72117e+93
750.445    -5.72644e+93
752.693    -2.95971e+93
754.941    -3.09485e+93
757.21    -3.09456e+93
758.292    -3.09442e+93
760.548    -4.37171e+93
761.953    -4.3698e+93
764.22    -2.93648e+93
766.488    -2.93648e+93
767.625    -2.93647e+93
768.802    -2.93647e+93
770.25    -2.93647e+93
771.652    -2.93646e+93
773.082    -4.20284e+93
774.725    -2.17519e+93
776.267    -1.15386e+93
778.153    -4.77801e+92
780.02    -2.6452e+93
781.64    -2.63008e+93
783.245    -2.62047e+93
785.432    2.30892e+92
787.511    2.9425e+92
788.673    2.01888e+92
789.793    3.21682e+91
790.931    -9.54445e+91
793.102    -3.34674e+92
795.27    -6.28765e+92
797.435    -1.10623e+93
798.542    -1.5294e+93
799.653    -2.12689e+93
800.796    -3.00352e+93
803.101    -2.88206e+93
805.194    -2.88204e+93
807.455    -2.86616e+93
809.078    -2.86615e+93
810.149    -2.86614e+93
811.761    -3.04152e+93
813.388    -3.04137e+93
815.552    -3.04118e+93
817.723    -5.18811e+93
819.891    -5.1859e+93
821.234    -2.80761e+93
822.437    -2.80761e+93
823.627    -2.80761e+93
825.085    -2.80761e+93
827.343    -2.80761e+93
829.601    -2.79031e+93
830.725    -2.79031e+93
832.135    -2.79031e+93
833.649    -2.79031e+93
835.258    -2.79031e+93
837.084    -2.79031e+93
838.65    -1.45472e+94
839.765    -1.39862e+103
840.983    -7.92441e+102
842.406    -8.70111e+102
843.938    -1.70131e+103
845.931    -5.75992e+102
847.591    -5.75992e+102
849.452    -5.75992e+102
850.826    -5.75992e+102
852.325    -5.75992e+102
854.141    -5.75221e+102
856.3    -5.75221e+102
858.553    -5.75221e+102
859.794    -5.75221e+102
862.047    -5.75221e+102
864.3    -2.82189e+103
866.553    -2.611e+112
867.687    -4.27883e+112
869.337    -1.19287e+112
870.783    -1.19287e+112
872.389    -1.19287e+112
874.561    -1.19287e+112
876.733    -1.19287e+112
878.903    -1.18321e+112
881.07    -1.18321e+112
883.232    -1.18321e+112
884.353    -1.18321e+112
885.481    -1.18321e+112
886.622    -2.17963e+112
888.393    -3.15418e+121
889.516    -2.39428e+121
891.184    -2.38171e+121
893.38    -6.9816e+120
895.586    -5.86759e+120
897.803    -1.05235e+120
900.017    3.16481e+121
901.833    -2.23941e+121
903.408    -2.24094e+121
905.764    -2.24465e+121
907.981    -2.25015e+121
910.328    1.88912e+120
912.675    -2.26905e+121
915.022    -6.65975e+119
917.369    -4.87481e+120
919.715    -9.118e+120
922.062    -1.39459e+121
924.409    -1.98746e+121
925.526    -2.34935e+121
926.917    -2.86324e+121
928.39    -3.50291e+121
930.338    -2.48089e+121
931.93    -2.48089e+121
934.174    -2.48089e+121
936.421    -2.48089e+121
938.67    -2.48089e+121
940.918    -2.48089e+121
943.166    -2.48089e+121
945.415    -2.48089e+121
947.663    -7.73719e+63
949.911    1.13299e+63
960.173    -5.249e+65
969.476    1.84907e+64
970.602    1.90557e+64
972.431    1.99542e+64
974.153    -2.95438e+65
975.685    -2.95232e+65
977.281    -2.95024e+65
979.13    -3.41211e+65
981.401    -3.41266e+65
983.67    -3.43348e+65
985.94    -3.43416e+65
988.209    -2.96538e+65
990.479    -2.96252e+65
992.746    2.69484e+64
995.014    2.79252e+64
996.246    -3.18111e+65
997.461    -3.18118e+65
998.814    -3.18125e+65
1000.29    -3.18133e+65
1001.86    -3.18141e+65
1003.47    -3.18149e+65
1005.63    5.34471e+64
1007.67    -1.81532e+65
1009.52    6.5945e+64
1011.17    -1.01675e+65
1012.74    6.00797e+64
1014.89    -1.45345e+65
1017.04    3.78238e+64
1019.19    -8.5231e+64
1021.33    2.4159e+64
1022.44    4.09197e+64
1023.57    2.04424e+64
1024.7    3.41245e+64
1027.05    -9.66985e+64
1029.41    1.3679e+64
1031.05    1.4455e+64
1032.71    7.06593e+63
1034.36    1.28092e+64
1036.01    3.11962e+63
1038.32    -4.64843e+64
1040.63    -1.10485e+63
1042.94    -2.00068e+64
1045.25    -3.54348e+63
1046.43    7.71566e+64
1048.29    -5.47072e+64
1050.28    4.12807e+64
1052.47    -5.10161e+64
1054.78    1.36537e+64
1057.09    -2.68133e+64
1058.66    6.60994e+64
1059.98    -2.71718e+63
1062.33    -2.81477e+64
1063.45    6.41462e+64
1064.88    -1.63445e+64
1066.42    4.33942e+64
1068.06    -2.33023e+64
1070.32    -2.26876e+64
1072.59    -1.48455e+64
1074.86    -8.82255e+63
1077.13    -1.05436e+64
1079.52    -1.05102e+64
1080.88    6.97561e+64
1083.23    -7.74058e+64
1085.6    2.83348e+64
1087.96    -3.31529e+64
1090.33    9.60709e+63
1092.52    -1.18187e+62
1094.46    2.03997e+64
1096.64    -1.43086e+64
1098.82    7.90878e+63
1101    -4.61494e+63
1103.17    1.52567e+63
1104.33    7.47366e+64
1105.46    2.47033e+63
1106.58    6.70713e+64
1108.93    -1.0131e+65
1111.29    3.44683e+64
1113.64    -5.07955e+64
1116    1.90453e+64
1118.36    -2.66987e+64
1120.71    1.18714e+64
1123.07    -1.54294e+64
1125.42    8.56144e+63
1127.78    -1.02095e+64
1130.13    7.65347e+63
1132.47    -7.82772e+63
1134.82    6.63481e+63
1137.17    -6.72628e+63
1139.51    6.16923e+63
1141.86    -6.21752e+63
1144.21    5.95645e+63
1146.55    -5.98268e+63
1147.71    7.35414e+64
1149.16    -1.01907e+64
1150.69    4.90431e+64
1152.94    -5.99351e+64
1155.19    2.15599e+64
1157.45    -2.82387e+64
1159.71    7.45754e+63
1164.1    -1.64453e+65
1210.43    -3.14738e+65
1212.81    -2.87832e+65
1215.07    -2.8781e+65
1217.33    1.33464e+64
1219.59    1.36038e+64
1221.85    -3.13244e+65
1224.03    -3.13244e+65
1226.29    -3.13244e+65
1228.55    -3.13244e+65
1230.81    -3.11379e+65
1233.06    -3.11379e+65
1235.32    -3.1138e+65
1237.58    -3.1138e+65
1239.83    -2.13371e+65
1242.09    -2.66261e+65
1244.4    -2.34252e+65
1246.71    -2.52653e+65
1249.01    -2.38762e+65
1251.32    -2.47448e+65
1253.63    -2.40463e+65
1255.93    -2.45764e+65
1258.24    -2.41434e+65
1260.54    -1.1103e+66
1261.81    -1.12296e+66
1264.12    -1.26287e+66
1266.44    -1.08144e+66
1268.78    -1.14657e+66
1271.12    -1.04993e+66
1273.45    -1.49298e+66
1275.94    -1.40426e+66
1277.73    -1.42205e+66
1280.29    -1.98556e+66
1282.84    -1.72714e+66
1285.39    -1.11074e+65
1287.93    -2.07813e+65
1306.47    -1.11596e+66
1337.22    -1.11596e+66
1338.94    -1.11592e+66
1341.19    -1.11587e+66
1343.44    -1.11619e+66
1345.7    -1.1192e+66
1347.95    -1.12429e+66
1350.2    -1.41435e+66
1352.45    -2.7055e+66
1354.7    -7.95616e+74
1355.88    -1.15043e+75
1357.2    -2.18659e+75
1358.7    -6.38971e+74
1360.26    -6.38971e+74
1362.18    -6.38971e+74
1364.43    -6.38971e+74
1366.68    -6.34543e+74
1368.93    -6.34536e+74
1371.18    -6.3453e+74
1373.07    -6.34525e+74
1375.32    -6.3452e+74
1377.57    -1.12543e+75
1379.82    -6.19612e+74
1381    -6.17234e+74
1383.18    -1.42235e+74
1385.36    -1.08889e+74
1387.55    5.28244e+73
1389.74    1.04997e+75
1391.4    -5.74623e+74
1392.82    -5.75063e+74
1395.33    -5.76187e+74
1397.83    -5.77927e+74
1400.33    8.77168e+73
1402.82    1.79928e+73
1416.21    -2.82331e+74
1430.67    -2.59704e+75
1431.74    -2.71451e+75
1433.87    -2.72421e+75
1436    -1.37227e+75
1437.75    -1.36119e+75
1438.9    -1.3269e+75
1440.48    -1.31727e+75
1442.38    -1.30583e+75
1444.63    -2.43155e+75
1446.88    -2.43165e+75
1449.12    -2.43174e+75
1450.75    -2.43181e+75
1452.2    -1.04028e+75
1454.44    -1.65836e+74
1456.71    -5.33458e+74
1458.98    -9.53106e+73
1461.25    -2.53536e+74
1463.52    -5.74469e+73
1465.78    -1.13959e+74
1468.05    -3.98263e+73
1470.32    -6.56646e+74
1471.4    -1.37847e+74
1472.69    -6.69242e+74
1474.15    -3.07015e+74
1475.84    -7.814e+74
1477.8    -5.59374e+74
1480.03    -1.43295e+75
1481.32    -1.51526e+75
1483.09    -9.70136e+74
1484.64    -1.57767e+74
1486.9    -1.27589e+75
1488.04    -5.21431e+74
1490.26    -9.13051e+74
1492.48    -5.47429e+74
1494.42    -6.35755e+74
1496.65    -7.1326e+74
1498.88    -6.24384e+74
1500.69    -4.42362e+74
1502.95    -8.32546e+74
1505.21    -5.07669e+74
1507.47    -7.28421e+74
1509.73    -5.41029e+74
1511.98    -6.74464e+74
1514.24    -5.56806e+74
1516.5    -6.46929e+74
1518.76    -5.65372e+74
1521.01    -2.86804e+75
1523.27    -6.09946e+74
1524.45    -1.82878e+74
1526.67    -1.04755e+75
1528.89    -3.80828e+74
1531.11    -1.00791e+75
1532.39    -4.39853e+74
1534.03    -1.28356e+75
1535.53    -7.29257e+74
1537.63    -1.65715e+75
1538.94    -6.15278e+74
1541.04    -1.43902e+75
1543.14    -1.34475e+75
1545.23    -2.60564e+75
1546.32    -3.09019e+84
1547.4    -1.1924e+84
1548.51    -1.1924e+84
1550.76    -1.19242e+84
1553.01    -1.19244e+84
1555.26    -1.19245e+84
1557.52    -2.55894e+84
1558.53    -2.56409e+84
1559.86    -2.57089e+84
1561.03    -1.82963e+84
1563.28    -1.83695e+84
1565.53    -1.15673e+84
1566.98    -1.15667e+84
1569.17    -1.1566e+84
1571.03    -1.15653e+84
1573.28    -1.15645e+84
1575.53    -1.883e+84
1577.78    -1.89031e+84
1580.03    -2.69619e+84
1581.18    -2.7019e+84
1583.35    -2.61865e+84
1585.52    -4.35365e+93
1586.6    -4.06709e+93
1587.96    -3.84502e+93
1589.24    -2.78147e+93
1590.79    -2.77805e+93
1592.16    -2.77587e+93
1594.36    -2.77351e+93
1596.56    -1.34638e+93
1598.76    -7.38772e+91
1601.06    -7.99031e+92
1603.55    -2.39838e+92
1606.04    -2.91084e+92
1607.62    5.01574e+92
1610.1    -7.72645e+92
1612.58    1.686e+92
1615.05    -2.76205e+92
1618.89    -8.43436e+92
1621.62    5.7087e+92
1623.34    2.56519e+92
1625.59    1.66449e+92
1627.84    1.63054e+92
1630.09    5.0021e+91
1632.33    1.17469e+92
1634.58    -1.03403e+91
1636.83    9.53417e+91
1639.08    -4.15027e+91
1640.8    3.91682e+92
1643.05    -3.6214e+92
1645.29    2.35985e+92
1647.54    -2.24305e+92
1649.79    1.56754e+92
1652.04    -1.5249e+92
1654.29    1.16596e+92
1656.53    -1.15244e+92
1658.78    9.62706e+91
1737.51    -6.9549e+93
1840.05    3.05527e+93
1841.35    -2.51731e+93
1842.88    -2.51823e+93
1845.34    -2.52132e+93
1847.81    -2.52703e+93
1850.27    -2.53534e+93
1852.73    -1.38859e+92
1855.18    -5.77345e+92
1885.16    -5.822e+93
1894.42    -1.85074e+66
1895.49    -1.85074e+66
1897.73    -1.85074e+66
1899.98    -1.85074e+66
1902.23    -1.85074e+66
1904.48    -6.17578e-10
1906.73    -6.17564e-10
2955.57    -6.05199e-10
4004.44    -5.74457e-10
5052.98    -5.75861e-10
6158.57    -5.53151e-10
7207.2    -5.58215e-10
8313.78    -5.46095e-10
9362.5    -5.45423e-10
10459.9    -5.51579e-10
11508.7    -5.402e-10
12601.6    -5.40585e-10
13688.3    -5.38884e-10
14737.2    -5.32289e-10
15850.2    -5.28355e-10
16899.3    -5.29957e-10
18010.4    -5.19583e-10
19059.6    -5.36352e-10
20168.8    -5.36977e-10
21218.1    -5.25419e-10
22267.7    -5.20564e-10
23361.5    -5.14238e-10
24470.2    -5.20322e-10
25564.2    -5.06569e-10
26663.2    -5.04247e-10
27734.6    -4.92395e-10
28833.9    -5.00956e-10
29935.8    -4.86637e-10
31005.5    -4.73031e-10
32116.8    -4.88651e-10
33211.3    -4.78031e-10
34277.2    -4.74284e-10
35371.9    -4.72344e-10
36477.1    -4.79033e-10
37571.9    -4.64179e-10
38657.3    -4.70395e-10
39752.4    -4.63198e-10
40801.7    -4.48215e-10
41909    -4.53265e-10
43037.4    -4.46658e-10
44140.7    -4.46374e-10
45190.3    -4.42639e-10
46290.1    -4.48327e-10
47406.1    -4.33912e-10
48530.6    -4.35677e-10
49636    -4.23787e-10
50753.6    -4.31239e-10
51856.4    -4.31489e-10
52933.6    -4.32052e-10
54017.5    -4.18619e-10
55121.4    -4.1892e-10
56233.1    -4.16992e-10
57336.9    -4.11845e-10
58446.5    -4.11895e-10
59552.4    -4.14086e-10
60658    -4.1362e-10
61762.1    -4.04685e-10
62869    -4.06742e-10
63975    -3.94554e-10
65079.7    -3.89793e-10
66196.5    -3.92352e-10
67285.2    -3.91477e-10
68390.8    -3.78473e-10
69496.3    -3.86289e-10
70610    -3.75912e-10
71716    -3.70321e-10
72828.1    -3.7752e-10
73931.8    -3.6652e-10
75027.1    -3.65377e-10
76139.4    -3.64315e-10
77246.1    -3.50052e-10
78356.1    -3.49151e-10
79468.1    -3.50771e-10
80602.2    -3.47742e-10
81708.6    -3.40648e-10
82813.3    -3.4349e-10
83925.4    -3.43338e-10
85054    -3.44445e-10
86155.1    -3.37764e-10
87264.5    -3.30265e-10
88373.2    -3.25362e-10
89486.1    -3.29861e-10
90589.4    -3.19269e-10
91694.4    -3.16756e-10
92805.3    -3.11364e-10
93934.1    -3.13451e-10
95066.2    -3.04055e-10
96172.9    -2.99065e-10
97273.7    -3.1324e-10
98404.5    -3.00845e-10
99520.1    -2.86405e-10
100623    -3.01358e-10
101729    -2.85046e-10
102839    -2.87801e-10
103942    -2.77274e-10
105072    -2.84095e-10
106169    -2.74938e-10
107279    -2.83193e-10
108403    -2.74076e-10
109517    -2.65433e-10
110626    -2.71579e-10
111727    -2.66258e-10
112840    -2.62803e-10
113944    -2.67065e-10
115046    -2.63392e-10
116173    -2.67851e-10
117284    -2.57269e-10
118386    -2.56736e-10
119495    -2.4835e-10
120603    -2.55112e-10
121736    -2.37589e-10
122844    -2.50344e-10
123958    -2.4051e-10
125063    -2.34508e-10
126169    -2.31545e-10
127298    -2.35431e-10
128428    -2.38045e-10
129532    -2.27129e-10
130646    -2.3661e-10
131751    -2.21532e-10
132881    -2.22727e-10
133985    -2.1608e-10
135095    -2.2076e-10
136197    -2.10796e-10
137303    -2.15092e-10
138428    -2.1157e-10
139540    -2.02577e-10
140644    -2.07862e-10
141757    -1.93119e-10
142869    -1.99272e-10
143977    -1.88983e-10
145090    -1.97818e-10
146192    -1.86102e-10
147295    -1.99345e-10
148396    -1.86821e-10
149501    -1.90355e-10
150625    -1.7823e-10
151769    -1.72559e-10
152940    -1.79068e-10
154066    -1.64944e-10
155210    -1.74065e-10
156324    -1.58417e-10
157430    -1.58571e-10
158548    -1.62185e-10
159655    -1.52978e-10
160758    -1.53431e-10
161873    -1.49174e-10
162978    -1.53166e-10
164118    -1.59583e-10
165224    -1.58206e-10
166330    -1.53623e-10
167441    -1.35597e-10
168548    -1.48138e-10
169659    -1.47685e-10
170791    -1.4501e-10
171926    -1.4168e-10
173052    -1.30495e-10
174169    -1.29627e-10
175287    -1.44808e-10
176409    -1.28686e-10
177518    -1.20201e-10
178630    -1.32459e-10
179747    -1.26505e-10
180853    -1.31769e-10
181990    -1.24745e-10
183098    -1.15188e-10
184208    -1.25069e-10
185321    -1.19876e-10
186455    -1.21428e-10
187592    -1.07326e-10
188732    -1.17566e-10
189893    -1.13693e-10
191176    -1.13811e-10
192341    -9.18722e-11
193486    -1.21713e-10
194587    -8.5613e-11
195758    -1.23749e-10
196917    -8.53638e-11
198092    -1.03898e-10
199251    -8.24844e-11
200534    -1.09421e-10
201702    -7.28341e-11
202841    -1.07149e-10
204104    -9.41282e-11
205239    -9.44016e-11
206359    -8.31722e-11
207481    -7.85453e-11
208626    -9.7188e-11
209794    -9.29548e-11
211082    -9.52598e-11
212416    -8.74506e-11
213568    -6.00207e-11
214866    -9.9202e-11
216025    -5.5453e-11
217320    -1.3862e-10
218478    -4.43636e-11
219765    -1.23662e-10
220919    -4.51677e-11
222188    -1.00575e-10
223506    -4.92534e-11
224675    -6.92921e-11
225847    -5.27492e-11
227142    -7.90509e-11
228538    -6.96194e-11
229813    -5.75768e-11
231222    -1.15888e-10
232672    -6.7163e-11
233806    -2.79906e-11
235090    -8.61386e-11
236484    -6.35142e-11
237990    -8.54699e-11
239374    -3.45403e-11
240658    -6.03242e-11
242003    -4.70994e-11
243290    -5.6466e-11
244719    -6.35484e-11
246111    -4.96448e-11
247269    -2.74104e-11
248578    -7.59515e-11
249943    -4.52667e-11
251221    -7.74749e-11
252637    -7.33626e-11
253906    -2.58649e-11
255175    -5.4529e-11
256546    -5.06265e-11
258035    -5.58898e-11
259397    -2.98606e-11
260921    -8.28255e-11
262189    -1.18651e-11
263500    -8.39474e-11
264769    -8.23091e-12
266180    -8.46379e-11
267650    -1.98912e-11
268940    -4.73197e-11
270320    -3.29353e-11
271862    -8.85528e-11
273241    -2.30933e-11
274576    -6.27058e-11
275959    -3.10605e-11
277227    -3.41661e-11
278496    -3.01654e-11
279878    -5.03635e-11
281182    -2.9574e-11
282489    -4.82779e-11
283757    -3.0502e-11
285026    -4.56965e-11
286301    -3.23989e-11
287653    -5.19665e-11
289105    -3.56763e-11
290573    -5.67712e-11
291975    -2.36478e-11
293243    -3.3594e-11
294655    -7.99594e-11
295926    -2.79577e-11
297194    -3.05818e-11
298462    -2.71691e-11
299852    -4.14757e-11
301352    -4.78701e-11
302744    -1.81146e-11
304020    -3.21199e-11
305453    -4.26518e-11
306856    -3.12871e-11
308284    -4.39228e-11
309675    -2.59222e-11
311272    -5.41815e-11
312593    4.03926e-13
313862    -3.50093e-11
315258    -1.61611e-11
316621    -4.79693e-11
317968    -3.80537e-11
319269    -2.46953e-11
320608    -3.86688e-11
322085    -3.93292e-11
323556    -1.53094e-11
324902    -1.5428e-11
326546    -5.65741e-11
327863    1.01682e-11
329330    -7.32279e-11
330655    1.99874e-11
332035    -4.04524e-11
333573    1.0755e-13
335257    -5.26108e-11
336866    -9.61324e-13
338163    -1.75746e-11
339432    -3.36216e-14
340831    -4.99747e-11
342345    -1.61589e-11
343769    -1.3882e-11
345157    -1.11798e-11
346430    -1.18828e-11
347846    -6.44141e-11
349338    -1.41612e-11
350741    -3.20302e-12
352261    -2.5063e-11
353649    1.08503e-11
355219    -5.31174e-11
356777    6.0619e-12
358196    -2.00298e-11
359703    -2.99736e-12
361340    -3.11187e-11
363178    -2.52031e-11
364881    -1.02485e-11
366396    -3.23875e-13
369132    -1.2544e-10
371868    -2.46037e-12
374604    -5.18059e-11
375897    3.70993e-11
377449    -4.34872e-12
379055    2.45653e-11
380671    -4.1427e-12
382239    1.92333e-11
383707    7.81247e-12
385045    2.87711e-11
387790    -1.06479e-10
390535    7.54642e-12
393279    -3.71943e-11
396024    -2.57674e-13
398768    -1.26166e-11
401513    -6.58396e-13
404257    -1.21627e-12
407002    3.94432e-13
409748    1.66553e-12
412494    1.13631e-13
415240    2.41585e-12
417986    4.65847e-14
420732    2.64017e-12
423478    2.77785e-14
426224    3.31564e-12
428970    6.31194e-13
510721    -2.35788e-10
592130    -2.77973e-10
594237    -3.28328e-10
596432    -3.27374e-10
598433    -2.66168e-10
600437    -3.08637e-10
602442    -3.06457e-10
604448    -3.43433e-10
606454    -2.96291e-10
607748    -2.70106e-10
609419    -2.48516e-10
611377    -2.31598e-10
613334    -2.13659e-10
615282    -1.68396e-10
617226    -2.15345e-10
619031    -3.13544e-10
620641    -2.10561e-10
622051    -1.95604e-10
624021    -2.19302e-10
626063    -2.33042e-10
628289    -2.22519e-10
630514    -2.67691e-10
632767    -2.03341e-10
635019    -1.88479e-10
637021    -2.16326e-10
639305    -1.94274e-10
641587    -2.25296e-10
643868    -3.05682e-10
646147    -2.54884e-10
648423    -3.12737e-10
650557    -3.344e-10
652190    -2.30672e-10
654514    -1.74194e-10
656087    -1.65311e-10
657959    -1.49532e-10
660023    -3.26634e-10
662300    -1.76753e-10
663522    -1.26847e-10
665004    -1.21752e-10
666595    -1.33448e-10
668285    -1.37166e-10
670660    -7.16302e-11
673041    -1.39061e-10
675421    -8.28639e-11
677802    -7.19349e-11
680182    -2.06314e-11
682563    -6.16183e-11
684943    -4.32048e-11
687324    -1.42941e-10
689704    -7.99658e-11
690958    -8.61031e-11
692507    -1.12303e-11
694158    -3.73467e-11
696468    -3.58175e-11
698783    -5.50721e-11
701102    1.80772e-11
703425    3.18468e-13
709023    -1.80005e-10
718426    -2.3203e-10
720123    -1.99331e-10
722108    -2.27596e-10
724385    -2.10636e-10
726322    -2.26534e-10
728599    -2.30759e-10
730555    -2.71452e-10
732834    -2.70091e-10
735112    -2.9667e-10
737390    -3.37865e-10
739365    -3.42125e-10
741726    -3.10993e-10
744088    -2.8475e-10
745392    -2.75801e-10
746758    -2.14502e-10
748244    -2.07878e-10
749474    -2.03511e-10
751142    -2.07996e-10
753379    -2.10176e-10
755617    -2.44897e-10
757854    -2.4079e-10
759664    -2.83198e-10
761138    -3.01057e-10
763024    -2.16786e-10
764678    -2.13684e-10
766907    -1.95661e-10
769136    -1.465e-10
771490    -1.98178e-10
773844    -2.41343e-10
776120    -1.56478e-10
778015    -2.13108e-10
780210    -2.56024e-10
782404    -2.73679e-10
784599    -1.91939e-10
786794    -2.02751e-10
789041    -1.86941e-10
791287    -1.6218e-10
793532    -2.00482e-10
795602    -2.96163e-10
797286    -2.05795e-10
799046    -1.9343e-10
801031    -2.00749e-10
803024    -1.94545e-10
805026    -1.48513e-10
807401    -1.75252e-10
809775    -1.7606e-10
812150    -1.9106e-10
814525    -1.96272e-10
816899    -1.90046e-10
818672    -2.03104e-10
820466    -2.26929e-10
822265    -2.20102e-10
823999    -2.15278e-10
825689    -2.21515e-10
827260    -1.97689e-10
828673    -1.95441e-10
831028    -2.11873e-10
833384    -2.40797e-10
835739    -2.52415e-10
837436    -2.44044e-10
839758    -2.55531e-10
842112    -1.81635e-10
844465    -1.70718e-10
846231    -1.78421e-10
848362    -2.01802e-10
850320    -2.03886e-10
852280    -1.92881e-10
854242    -1.74639e-10
856205    -1.65115e-10
858169    -1.60947e-10
860134    -1.67758e-10
862099    -7.98419e-11
864064    -8.08326e-11
866475    -1.01997e-10
868886    -7.34566e-11
871297    -1.00541e-10
873708    -8.03587e-11
876120    -1.86541e-10
878532    -1.50734e-11
880134    9.07671e-12
882230    -7.84422e-11
884621    -9.60481e-11
887087    -6.44303e-11
889553    -1.00163e-10
892019    -5.31131e-11
894485    -1.02023e-10
896951    -5.3445e-11
899418    -9.85894e-11
901884    -1.46766e-10
904351    -9.52523e-11
905696    -4.12659e-11
907390    -6.96233e-11
909224    -8.23808e-11
911660    -8.64702e-11
914100    -5.50904e-11
916546    2.22801e-12
918995    -2.96246e-11
921446    2.68208e-11
923945    -2.73966e-11
926444    2.22039e-11
928943    -4.70334e-11
931442    -1.9845e-12
933954    -4.48215e-11
936466    -3.43505e-12
938977    -3.58359e-11
941489    5.28068e-12
950094    -3.93529e-10
958802    -2.3509e-10
960218    -1.53561e-10
961409    -1.56392e-10
963691    -2.18053e-10
965974    -2.22271e-10
968257    -2.29719e-10
970540    -2.86259e-10
972413    -2.80645e-10
974698    -2.81627e-10
976983    -3.28431e-10
979268    -2.706e-10
981530    -2.67849e-10
983758    -2.10341e-10
985179    -2.10343e-10
987404    -2.2107e-10
989630    -1.90655e-10
990844    -2.29484e-10
992920    -2.19534e-10
994764    -2.1506e-10
997143    -2.31548e-10
999528    -2.177e-10
1.00191e+06    -2.28769e-10
1.0043e+06    -4.2601e-10
1.00643e+06    -2.98507e-10
1.00818e+06    -2.26796e-10
1.01022e+06    -1.89428e-10
1.01251e+06    -2.40652e-10
1.01489e+06    -2.31995e-10
1.01698e+06    -2.30149e-10
1.01914e+06    -2.16207e-10
1.02116e+06    -1.95189e-10
1.02294e+06    -2.08491e-10
1.02528e+06    -2.13775e-10
1.02761e+06    -2.09174e-10
1.02996e+06    -1.77819e-10
1.0323e+06    -1.84563e-10
1.03464e+06    -2.84648e-10
1.03697e+06    -1.87194e-10
1.03874e+06    -1.85049e-10
1.041e+06    -1.96853e-10
1.04326e+06    -2.26618e-10
1.04552e+06    -2.39797e-10
1.04691e+06    -2.25368e-10
1.04911e+06    -2.45007e-10
1.05137e+06    -1.6939e-10
1.05362e+06    -2.28528e-10
1.05601e+06    -1.55431e-10
1.05758e+06    -1.84089e-10
1.05918e+06    -2.15141e-10
1.06077e+06    -3.06271e-10
1.062e+06    -2.11999e-10
1.06321e+06    -2.22152e-10
1.06438e+06    -2.0162e-10
1.06556e+06    -2.13369e-10
1.06775e+06    -2.71369e-10
1.06994e+06    -2.55212e-10
1.0711e+06    -2.60451e-10
1.07228e+06    -2.19734e-10
1.07348e+06    -2.12778e-10
1.07592e+06    -2.36151e-10
1.07835e+06    -1.94045e-10
1.08078e+06    -2.04835e-10
1.08321e+06    -1.85725e-10
1.08564e+06    -1.92872e-10
1.08758e+06    -1.82332e-10
1.08952e+06    -1.96087e-10
1.09146e+06    -2.06009e-10
1.0934e+06    -2.40856e-10
1.09532e+06    -2.31656e-10
1.09725e+06    -2.39828e-10
1.09917e+06    -2.12842e-10
1.10109e+06    -2.18771e-10
1.10302e+06    -1.94392e-10
1.10494e+06    -2.01167e-10
1.10687e+06    -3.41313e-10
1.10879e+06    -2.06107e-10
1.11005e+06    -1.49491e-10
1.11153e+06    -1.37671e-10
1.11313e+06    -3.60467e-10
1.11487e+06    -2.36149e-10
1.11636e+06    -1.43966e-10
1.1182e+06    -1.64523e-10
1.12024e+06    -1.64495e-10
1.12229e+06    -2.16811e-10
1.12435e+06    -2.13568e-10
1.1265e+06    -2.07737e-10
1.12846e+06    -1.98858e-10
1.13062e+06    -2.18096e-10
1.13278e+06    -2.09338e-10
1.13454e+06    -2.19828e-10
1.1363e+06    -1.94387e-10
1.13805e+06    -2.66906e-10
1.13978e+06    -2.15791e-10
1.14098e+06    -2.0656e-10
1.14237e+06    -2.00161e-10
1.14387e+06    -2.01826e-10
1.14547e+06    -2.03206e-10
1.14786e+06    -3.96431e-10
1.15025e+06    -2.12933e-10
1.1517e+06    -1.8533e-10
1.15327e+06    -1.70066e-10
1.15478e+06    -1.87646e-10
1.1562e+06    -1.39268e-10
1.15807e+06    -1.5952e-10
1.16013e+06    -1.59681e-10
1.16207e+06    -1.74246e-10
1.16379e+06    -1.27724e-10
1.16529e+06    -1.52649e-10
1.16761e+06    -1.76743e-10
1.16993e+06    -1.41e-10
1.17225e+06    -2.11884e-10
1.17457e+06    -1.92967e-10
1.1769e+06    -1.78202e-10
1.17873e+06    -1.09218e-10
1.18056e+06    -1.25599e-10
1.1824e+06    -1.18498e-10
1.18423e+06    -1.30556e-10
1.18607e+06    -1.2671e-10
1.1879e+06    -1.35641e-10
1.18973e+06    -1.31418e-10
1.19157e+06    -1.37178e-10
1.19376e+06    -1.51186e-10
1.19595e+06    -1.37083e-10
1.19815e+06    -1.43335e-10
1.20034e+06    -1.87254e-10
1.20253e+06    -1.91674e-10
1.20472e+06    -1.27925e-10
1.20691e+06    -1.59587e-10
1.2092e+06    -1.5309e-10
1.21104e+06    -1.4123e-10
1.2129e+06    -1.56402e-10
1.21476e+06    -1.26841e-10
1.21663e+06    -1.36663e-10
1.21919e+06    -1.51011e-10
1.22175e+06    -1.20246e-10
1.22431e+06    -1.46373e-10
1.22684e+06    -1.17885e-10
1.2284e+06    -1.02793e-10
1.22999e+06    -1.24977e-10
1.2316e+06    -1.1614e-10
1.23322e+06    -1.33946e-10
1.2354e+06    -1.40907e-10
1.23758e+06    -1.29305e-10
1.23976e+06    -1.33395e-10
1.24194e+06    -1.25905e-10
1.24425e+06    -1.32697e-10
1.24656e+06    -4.15731e-10
1.24887e+06    -1.77127e-10
1.25009e+06    -1.37762e-10
1.25156e+06    -1.82102e-10
1.25312e+06    -1.47602e-10
1.25474e+06    -1.97555e-10
1.25638e+06    -2.4825e-10
1.25796e+06    -3.9609e-10
1.25942e+06    -1.1708e-10
1.26075e+06    -1.40175e-10
1.26355e+06    -1.87137e-10
1.26634e+06    -9.8938e-11
1.26914e+06    -1.13567e-10
1.27194e+06    -8.99479e-11
1.27473e+06    -9.33027e-11
1.27753e+06    -8.78945e-11
1.28032e+06    -1.36613e-10
1.28312e+06    -1.1749e-10
1.28451e+06    -8.48883e-11
1.28624e+06    -1.01995e-10
1.28807e+06    -6.80148e-11
1.28996e+06    -1.49724e-10
1.29183e+06    -2.2e-10
1.29356e+06    -1.23039e-10
1.29511e+06    -1.03179e-10
1.29786e+06    -1.75034e-10
1.30062e+06    -9.29764e-11
1.30337e+06    -1.18587e-10
1.30612e+06    -1.41945e-10
1.30887e+06    -1.53484e-10
1.31163e+06    -1.43491e-10
1.31438e+06    -1.49481e-10
1.31714e+06    -8.66933e-11
1.31989e+06    -9.02763e-11
1.3226e+06    -8.5849e-11
1.32532e+06    -9.03925e-11
1.32803e+06    -8.71939e-11
1.33075e+06    -9.03859e-11
1.33346e+06    -8.76488e-11
1.33618e+06    -9.03547e-11
1.33889e+06    -3.80568e-11
1.34161e+06    -4.05781e-11
1.36459e+06    -6.09002e-11
1.38776e+06    -1.34292e-10
1.39023e+06    -1.32053e-10
1.39252e+06    -2.25081e-10
1.3948e+06    -7.18508e-11
1.396e+06    -4.76032e-11
1.39771e+06    -5.32765e-11
1.39932e+06    -4.97866e-11
1.40162e+06    -1.73932e-10
1.40391e+06    -4.88221e-11
1.40583e+06    -6.49762e-11
1.40812e+06    -6.10206e-11
1.41042e+06    -6.29726e-11
1.41271e+06    -9.99438e-11
1.415e+06    -1.02493e-10
1.4173e+06    -1.01418e-10
1.41959e+06    -1.47648e-10
1.42189e+06    -1.02633e-10
1.42329e+06    -5.15977e-11
1.42527e+06    -5.75523e-11
1.42708e+06    -3.1767e-11
1.42964e+06    -7.43125e-11
1.43219e+06    -4.51528e-11
1.43475e+06    -6.10094e-11
1.43731e+06    -6.07512e-11
1.43987e+06    -6.58185e-11
1.44243e+06    -6.28544e-11
1.445e+06    -2.11096e-10
1.44756e+06    -1.42555e-10
1.44879e+06    -1.95217e-10
1.45037e+06    -5.40691e-11
1.45174e+06    -2.39007e-11
1.4543e+06    -8.13695e-11
1.45685e+06    -3.9351e-11
1.45941e+06    -1.06126e-10
1.46196e+06    -8.93605e-11
1.46451e+06    -6.18092e-11
1.46706e+06    -1.01192e-10
1.46961e+06    -1.06153e-10
1.47102e+06    -7.01286e-11
1.47231e+06    -1.41717e-10
1.47392e+06    -1.46984e-10
1.47562e+06    -5.30119e-11
1.47719e+06    -4.06023e-11
1.47973e+06    -7.86015e-11
1.48227e+06    -4.93742e-11
1.48481e+06    -7.88867e-11
1.48735e+06    -6.85551e-11
1.4899e+06    -5.98193e-11
1.49245e+06    -5.7354e-11
1.495e+06    -6.83261e-11
1.49755e+06    -7.97201e-11
1.49879e+06    -7.68584e-11
1.50044e+06    -5.80428e-11
1.50189e+06    -2.75831e-11
1.50443e+06    -8.27884e-11
1.50697e+06    -1.8243e-11
1.50952e+06    -4.68273e-11
1.51206e+06    -3.67201e-11
1.51462e+06    -4.93571e-11
1.51718e+06    -4.63295e-11
1.51973e+06    -4.20182e-11
1.52229e+06    -2.29884e-11
1.5251e+06    -3.69009e-11
1.52791e+06    -1.45452e-10
1.53028e+06    -3.75712e-11
1.53202e+06    -3.59879e-11
1.53455e+06    -5.92959e-11
1.53709e+06    -4.59965e-11
1.53962e+06    -9.10818e-11
1.54216e+06    -8.83802e-11
1.54469e+06    -9.14409e-11
1.54723e+06    -9.28129e-11
1.54976e+06    -5.19331e-11
1.5523e+06    -5.09411e-11
1.55483e+06    -3.91362e-11
1.55737e+06    -5.62997e-11
1.5599e+06    -5.51299e-11
1.56209e+06    -5.06524e-11
1.56462e+06    -6.28228e-11
1.56716e+06    -5.51128e-11
1.56969e+06    -2.49478e-11
1.57223e+06    -2.36895e-11
1.57476e+06    -2.30696e-11
1.5773e+06    -2.45514e-11
1.57983e+06    -1.41379e-11
1.58237e+06    -1.67773e-11
1.5849e+06    -1.37747e-11
1.58744e+06    -1.69496e-11
1.58997e+06    -1.36297e-11
1.59251e+06    -1.70375e-11
1.59504e+06    -1.3563e-11
1.59757e+06    -1.70859e-11
1.60011e+06    4.83081e-13
1.60264e+06    -3.10163e-12
1.64208e+06    -1.10178e-11
1.68211e+06    -6.13919e-11
1.68324e+06    -6.13866e-11
1.68555e+06    -6.74487e-11
1.68786e+06    -8.96319e-11
1.69017e+06    -1.4681e-10
1.69231e+06    -1.39557e-10
1.69417e+06    -1.39771e-10
1.69648e+06    -1.4505e-10
1.6988e+06    -8.21834e-11
1.70091e+06    -8.22987e-11
1.70323e+06    -8.26053e-11
1.70554e+06    -8.2533e-11
1.70786e+06    -8.18701e-11
1.71017e+06    -1.04562e-10
1.71251e+06    -1.0346e-10
1.71422e+06    -1.03376e-10
1.71593e+06    -7.94155e-11
1.71763e+06    -7.93329e-11
1.71996e+06    -9.37693e-11
1.72228e+06    -9.09563e-11
1.7246e+06    -8.75586e-11
1.72692e+06    -8.37152e-11
1.72929e+06    -6.69192e-11
1.73166e+06    -6.79277e-11
1.73402e+06    -1.1835e-10
1.73639e+06    -1.30654e-10
1.7392e+06    -1.36709e-10
1.74204e+06    -1.29407e-10
1.74488e+06    -1.128e-10
1.74743e+06    -1.40128e-11
1.74927e+06    -2.27641e-11
1.75172e+06    -3.4724e-11
1.75418e+06    -4.6428e-11
1.75663e+06    -6.0445e-11
1.75908e+06    -7.70207e-11
1.76153e+06    -9.71763e-11
1.76397e+06    -7.09839e-11
1.76582e+06    -7.01016e-11
1.76827e+06    -7.19598e-11
1.77071e+06    -7.0307e-11
1.77314e+06    -7.15997e-11
1.77558e+06    -8.20459e-11
1.77802e+06    -8.39058e-11
1.78045e+06    -8.36148e-11
1.78289e+06    -8.53164e-11
1.78533e+06    -1.26115e-10
1.78777e+06    -1.09153e-10
1.78912e+06    -1.03016e-10
1.79073e+06    -8.33033e-11
1.79241e+06    -9.12198e-11
1.79414e+06    -1.53487e-10
1.79582e+06    -2.89025e-10
1.79739e+06    -8.42014e-11
1.79881e+06    -8.36737e-11
1.80127e+06    -8.66086e-11
1.80373e+06    -8.47944e-11
1.80619e+06    -7.0358e-11
1.80865e+06    -1.38707e-10
1.81111e+06    -1.40443e-10
1.81358e+06    -1.40637e-10
1.81604e+06    -1.41936e-10
1.81851e+06    -6.84485e-11
1.82097e+06    -6.87053e-11
1.82344e+06    -6.85118e-11
1.8259e+06    -8.30576e-11
1.82837e+06    -7.79992e-11
1.82958e+06    -7.52403e-11
1.83105e+06    -6.93049e-11
1.83259e+06    -6.77298e-11
1.83497e+06    -7.04425e-11
1.83734e+06    -6.81711e-11
1.83973e+06    -6.59312e-11
1.84211e+06    -3.41797e-10
1.8446e+06    -1.49525e-10
1.84588e+06    -1.29579e-10
1.84738e+06    -1.0507e-10
1.84895e+06    -1.06157e-10
1.85056e+06    -1.15348e-10
1.85213e+06    -1.23145e-10
1.85363e+06    -1.35648e-10
1.85502e+06    -1.34903e-10
1.85752e+06    -1.3955e-10
1.86003e+06    -1.5014e-10
1.86234e+06    -1.28311e-10
1.86517e+06    -6.64237e-11
1.86799e+06    -6.20132e-11
1.87081e+06    -6.39275e-11
1.87363e+06    -6.21345e-11
1.87645e+06    -3.34637e-10
1.87927e+06    -1.18797e-10
1.88054e+06    -1.09751e-10
1.8821e+06    -1.06874e-10
1.88371e+06    -1.08917e-10
1.88533e+06    -1.1913e-10
1.8869e+06    -1.28784e-10
1.88837e+06    -7.30914e-11
1.88971e+06    -7.2837e-11
1.89245e+06    -8.29634e-11
1.89521e+06    -6.65292e-11
1.89796e+06    -1.36696e-10
1.90072e+06    -1.30454e-10
1.90348e+06    -7.24035e-11
1.90623e+06    -7.03048e-11
1.90899e+06    -7.07308e-11
1.91175e+06    -6.95933e-11
1.91431e+06    -7.02484e-11
1.91687e+06    -7.04781e-11
1.91944e+06    -7.6067e-11
1.922e+06    -7.57683e-11
1.92456e+06    -1.33543e-10
1.92713e+06    -1.32913e-10
1.92969e+06    -7.1183e-11
1.93226e+06    -7.07693e-11
1.93482e+06    -7.12055e-11
1.93738e+06    -7.08142e-11
1.93994e+06    -7.12726e-11
1.9425e+06    -7.08958e-11
1.94507e+06    -7.12768e-11
1.94763e+06    -7.09206e-11
1.95019e+06    -6.71726e-11
1.95275e+06    -6.6829e-11
1.9555e+06    -6.74349e-11
1.95825e+06    -6.58883e-11
1.961e+06    -6.62553e-11
1.96375e+06    -6.55327e-11
1.9665e+06    -6.59346e-11
1.96925e+06    -6.54621e-11
1.972e+06    -3.72849e-10
1.97474e+06    -1.16149e-10
1.97598e+06    -1.08494e-10
1.97751e+06    -1.08583e-10
1.97909e+06    -1.13326e-10
1.98072e+06    -1.76571e-10
1.98232e+06    -2.91516e-10
1.98383e+06    -7.2277e-11
1.98521e+06    -7.23023e-11
1.98801e+06    -8.2427e-11
1.99081e+06    -6.55914e-11
1.99361e+06    -6.82142e-11
1.99641e+06    -6.39224e-11
1.99921e+06    -6.50795e-11
2.00201e+06    -6.36743e-11
2.00481e+06    -1.29177e-10
2.00761e+06    -1.04804e-10
2.0089e+06    -9.95332e-11
2.01051e+06    -9.96813e-11
2.0122e+06    -7.32585e-11
2.01396e+06    -1.10005e-10
2.01573e+06    -2.00348e-10
2.0174e+06    -7.71567e-11
2.01894e+06    -7.66631e-11
2.02169e+06    -8.54481e-11
2.02444e+06    -7.13738e-11
2.02719e+06    -7.44058e-11
2.02994e+06    -1.27143e-10
2.0327e+06    -1.2983e-10
2.03545e+06    -1.28934e-10
2.0382e+06    -1.30705e-10
2.04096e+06    -6.48185e-11
2.04371e+06    -6.56507e-11
2.04642e+06    -6.47664e-11
2.04914e+06    -6.57075e-11
2.05185e+06    -6.49842e-11
2.05457e+06    -6.56895e-11
2.05728e+06    -6.50658e-11
2.06e+06    -6.56557e-11
2.06271e+06    -8.59661e-12
2.06543e+06    -9.11445e-12
2.08272e+06    -3.3064e-11
2.09811e+06    -1.90352e-11
2.09942e+06    -2.52463e-11
2.10161e+06    -3.30456e-11
2.103e+06    -1.84473e-11
2.10427e+06    -1.84471e-11
2.1066e+06    -1.84344e-11
2.10893e+06    -1.84339e-11
2.11127e+06    -7.61269e-11
2.1136e+06    -2.4348e-11
2.11488e+06    -2.77073e-11
2.11696e+06    -5.26203e-11
2.11902e+06    -1.83429e-11
2.12069e+06    -1.83325e-11
2.12303e+06    -1.8332e-11
2.12537e+06    -2.74306e-11
2.12771e+06    -3.34043e-11
2.12953e+06    -3.25723e-11
2.13188e+06    -3.28982e-11
2.13422e+06    -3.31755e-11
2.13656e+06    -3.33933e-11
2.13891e+06    -3.317e-11
2.14125e+06    -1.70979e-11
2.1424e+06    -1.71392e-11
2.14467e+06    -1.78705e-11
2.14696e+06    -1.71014e-11
2.14925e+06    -1.70187e-11
2.15154e+06    -1.78949e-11
2.15382e+06    -1.8755e-11
2.15551e+06    -1.87433e-11
2.15786e+06    -8.59691e-11
2.16022e+06    -3.01527e-11
2.16138e+06    -3.70988e-11
2.16317e+06    -6.78582e-11
2.16491e+06    -1.70053e-11
2.16635e+06    -1.71485e-11
2.16871e+06    -1.9782e-11
2.17107e+06    -1.94426e-11
2.17343e+06    -3.49667e-11
2.17579e+06    -3.24413e-11
2.17702e+06    -3.24796e-11
2.17933e+06    -2.09122e-11
2.18165e+06    -1.89364e-11
2.18397e+06    -3.433e-11
2.1863e+06    -3.604e-11
2.18752e+06    -5.02825e-11
2.18923e+06    -1.78271e-11
2.19072e+06    -1.79016e-11
2.19327e+06    -1.89343e-11
2.19582e+06    -1.73152e-11
2.19837e+06    -1.44037e-11
2.20092e+06    -1.40189e-11
2.20346e+06    -1.43855e-11
2.20603e+06    -1.4482e-11
2.2086e+06    -1.48045e-11
2.21117e+06    -1.40692e-11
2.21374e+06    -1.45791e-11
2.21655e+06    -1.532e-11
2.21936e+06    -1.6185e-11
2.22216e+06    -1.02102e-11
2.22438e+06    -1.34255e-11
2.22599e+06    -1.29714e-11
2.22836e+06    -1.4331e-11
2.23073e+06    -1.32548e-11
2.23311e+06    -9.35551e-12
2.23548e+06    1.18214e-12
2.23786e+06    -2.24051e-11
2.24023e+06    -1.82247e-11
2.24231e+06    -1.82103e-11
2.24469e+06    -1.84212e-11
2.24707e+06    -2.06813e-11
2.24944e+06    -2.81533e-11
2.25182e+06    -2.52373e-11
2.25419e+06    -2.52871e-11
2.25657e+06    -2.52117e-11
2.25894e+06    -2.52448e-11
2.26132e+06    -2.01543e-11
2.26369e+06    -1.92137e-11
2.2649e+06    -1.90421e-11
2.26635e+06    -1.78289e-11
2.26788e+06    -1.73723e-11
2.27015e+06    -1.84497e-11
2.27243e+06    -1.75589e-11
2.27471e+06    -1.69598e-11
2.27699e+06    -1.38041e-11
2.27954e+06    -1.54369e-11
2.28208e+06    -1.26714e-12
2.28462e+06    -1.97617e-12
2.33737e+06    -5.05587e-12
2.36181e+06    -8.69664e-12
2.36408e+06    -9.35745e-12
2.36568e+06    -9.50868e-12
2.36804e+06    -9.42653e-12
2.37039e+06    -5.0154e-12
2.37227e+06    -6.12847e-12
2.37462e+06    -6.11497e-12
2.37698e+06    -6.10785e-12
2.37934e+06    -8.87394e-12
2.3817e+06    -7.64006e-12
2.38405e+06    -8.51976e-12
2.38641e+06    -7.48595e-12
2.38763e+06    -8.40455e-12
2.38992e+06    -9.81783e-12
2.39177e+06    -9.83875e-12
2.39408e+06    -6.63632e-12
2.39639e+06    -7.94177e-12
2.39868e+06    -5.94018e-12
2.40035e+06    -5.93878e-12
2.40275e+06    -5.93448e-12
2.40516e+06    -5.93662e-12
2.40757e+06    -6.20204e-12
2.40997e+06    -3.19987e-12
2.41239e+06    -6.78152e-12
2.4148e+06    -7.15314e-12
2.41721e+06    -4.11445e-12
2.41963e+06    -4.62799e-12
2.42205e+06    -5.27382e-12
2.42447e+06    -6.09888e-12
2.42689e+06    -9.98314e-12
2.42923e+06    -7.6374e-12
2.43043e+06    -7.59223e-12
2.4328e+06    -6.28969e-12
2.43518e+06    -6.2749e-12
2.43755e+06    -6.17963e-12
2.43992e+06    -6.8424e-12
2.44229e+06    -7.98494e-12
2.44429e+06    -6.33643e-12
2.44583e+06    -6.41698e-12
2.44808e+06    -6.41286e-12
2.45033e+06    -6.41097e-12
2.45257e+06    -1.67415e-11
2.45481e+06    -1.83177e-11
2.45601e+06    -2.05465e-11
2.45722e+06    -5.93108e-12
2.45844e+06    -5.93115e-12
2.46082e+06    -5.93128e-12
2.46319e+06    -5.93141e-12
2.46557e+06    -8.21407e-12
2.46794e+06    -6.82801e-12
2.46935e+06    -6.31346e-12
2.47123e+06    -5.82223e-12
2.47337e+06    -2.31579e-12
2.47584e+06    -5.94477e-12
2.47824e+06    -7.41582e-12
2.4795e+06    -7.04235e-12
2.48108e+06    -6.70896e-12
2.48279e+06    -3.5137e-12
2.48464e+06    -2.7796e-12
2.48712e+06    -4.04755e-12
2.48961e+06    -2.68106e-12
2.4921e+06    -5.74582e-12
2.4946e+06    -3.08391e-12
2.50393e+06    -1.95278e-11
2.51865e+06    -5.5983e-12
2.51986e+06    -5.83801e-12
2.52223e+06    -6.55523e-12
2.5246e+06    -7.37031e-12
2.52662e+06    -7.34761e-12
2.52824e+06    -7.30137e-12
2.53061e+06    -7.23518e-12
2.53297e+06    -7.24583e-12
2.53533e+06    -7.88618e-12
2.53696e+06    -7.85416e-12
2.53934e+06    -7.7971e-12
2.54174e+06    -7.75528e-12
2.54414e+06    -7.16545e-12
2.54655e+06    -5.41372e-12
2.54917e+06    -6.93183e-12
2.55173e+06    -9.00064e-12
2.5534e+06    -6.09004e-12
2.55574e+06    -8.16838e-12
2.55808e+06    -7.91318e-12
2.56042e+06    -7.8965e-12
2.56274e+06    -7.89108e-12
2.56507e+06    -7.89852e-12
2.56739e+06    -8.53515e-12
2.56972e+06    -7.66476e-12
2.57111e+06    -7.37884e-12
2.57277e+06    -9.29555e-12
2.57454e+06    -9.34365e-12
2.57684e+06    -5.78041e-12
2.57914e+06    -5.77454e-12
2.5814e+06    -5.76983e-12
2.58367e+06    -4.37397e-12
2.58593e+06    -5.71821e-12
2.5882e+06    -3.57905e-12
2.5893e+06    -2.72313e-12
2.59155e+06    -3.41527e-12
2.59381e+06    -3.06248e-12
2.5961e+06    -3.44783e-12
2.59829e+06    -3.22263e-12
2.60047e+06    -4.64974e-12
2.60261e+06    -3.17229e-12
2.60421e+06    -2.93592e-12
2.60637e+06    -3.67907e-12
2.60852e+06    -3.04606e-12
2.61068e+06    -1.0766e-11
2.61282e+06    -1.0213e-11
2.61429e+06    -1.06244e-11
2.61575e+06    -2.94454e-12
2.61721e+06    -2.82436e-12
2.61949e+06    -3.97835e-12
2.62178e+06    -3.2727e-12
2.62386e+06    -3.55452e-12
2.62594e+06    -3.33762e-12
2.62801e+06    -3.48433e-12
2.63009e+06    -3.38621e-12
2.63217e+06    -3.28897e-12
2.63424e+06    -3.26921e-12
2.63641e+06    -3.25138e-12
2.63857e+06    -3.21095e-12
2.6408e+06    -3.39305e-12
2.64301e+06    -3.37327e-12
2.64513e+06    -3.25776e-12
2.64724e+06    -3.38447e-12
2.64935e+06    -9.22806e-12
2.65146e+06    -7.98763e-12
2.65291e+06    -7.35841e-12
2.65437e+06    -8.83365e-12
2.65583e+06    -3.12423e-12
2.65729e+06    -3.02049e-12
2.65919e+06    -2.70486e-12
2.66155e+06    -3.44874e-12
2.66412e+06    -3.26184e-12
2.66654e+06    -3.23754e-12
2.66879e+06    -3.02886e-12
2.67104e+06    -3.21173e-12
2.6733e+06    -3.03057e-12
2.67556e+06    -3.1982e-12
2.67781e+06    -3.02437e-12
2.68006e+06    -3.18876e-12
2.68231e+06    -3.11963e-12
2.68457e+06    -3.27804e-12
2.68675e+06    -3.07165e-12
2.68894e+06    -3.28563e-12
2.69112e+06    -7.75399e-12
2.6933e+06    -9.32523e-12
2.6946e+06    -1.28957e-11
2.69587e+06    -1.9798e-11
2.69706e+06    -2.12651e-12
2.6982e+06    -3.12028e-12
2.7005e+06    -3.35488e-12
2.70281e+06    -3.04832e-12
2.70511e+06    -5.933e-12
2.70741e+06    -5.69606e-12
2.70972e+06    -5.88237e-12
2.71202e+06    -5.72495e-12
2.71432e+06    -3.06381e-12
2.71662e+06    -2.88774e-12
2.71898e+06    -3.08195e-12
2.72133e+06    -2.87821e-12
2.72368e+06    -3.04509e-12
2.72604e+06    -2.86606e-12
2.72839e+06    -3.02818e-12
2.73074e+06    -2.86283e-12
2.7331e+06    -3.08722e-12
2.73545e+06    -2.92979e-12
2.73774e+06    -3.03844e-12
2.74004e+06    -2.92958e-12
2.74233e+06    -3.04841e-12
2.74463e+06    -2.9236e-12
2.74692e+06    -3.05869e-12
2.74921e+06    -2.92473e-12
2.7515e+06    -6.22511e-12
2.7538e+06    -6.31115e-12
2.75621e+06    -6.78102e-12
2.75862e+06    -6.10591e-12
2.76103e+06    -2.96951e-12
2.76344e+06    -2.7762e-12
2.76585e+06    -2.95233e-12
2.76826e+06    -2.7806e-12
2.77067e+06    -1.36431e-11
2.77307e+06    -2.63003e-12
2.77437e+06    1.80022e-13
2.77602e+06    -2.99948e-12
2.77782e+06    -2.40967e-12
2.78022e+06    -3.37479e-12
2.78264e+06    -2.59762e-12
2.78508e+06    -3.08009e-12
2.78752e+06    -2.77342e-12
2.78998e+06    -2.98004e-12
2.79238e+06    -2.79273e-12
2.79478e+06    -2.88467e-12
2.79718e+06    -2.95645e-12
2.79958e+06    -2.94541e-12
2.80189e+06    -2.92664e-12
2.80419e+06    -2.92715e-12
2.80649e+06    -3.00362e-12
2.80878e+06    -2.91052e-12
2.81105e+06    -2.98259e-12
2.81332e+06    -2.95276e-12
2.81559e+06    -1.38342e-12
2.81783e+06    -1.32927e-13
2.82142e+06    -2.59418e-12
2.82457e+06    -7.17131e-12
2.82709e+06    -3.27254e-12
2.82913e+06    -2.74512e-12
2.83119e+06    -3.31124e-12
2.83324e+06    -2.87903e-12
2.83531e+06    -3.31394e-12
2.83737e+06    -2.97562e-12
2.83943e+06    -3.31788e-12
2.8415e+06    -2.43619e-12
2.84356e+06    -2.71708e-12
2.8461e+06    -2.85516e-12
2.84863e+06    -2.7208e-12
2.85116e+06    -2.72497e-12
2.85369e+06    -2.72306e-12
2.85622e+06    -2.65348e-12
2.85875e+06    -2.7309e-12
2.86127e+06    -2.62339e-12
2.86379e+06    -6.97604e-12
2.86631e+06    5.15131e-13
2.86788e+06    2.55169e-12
2.86992e+06    -4.07706e-12
2.87221e+06    -3.65319e-12
2.87396e+06    -3.5132e-12
2.87571e+06    -3.69386e-12
2.87746e+06    -2.57591e-12
2.87922e+06    -2.75578e-12
2.88159e+06    -3.13147e-12
2.88396e+06    -2.80437e-12
2.88633e+06    -2.72268e-12
2.8887e+06    -2.59706e-12
2.89129e+06    -2.80491e-12
2.89387e+06    -2.62783e-12
2.89645e+06    -2.8368e-12
2.89903e+06    -2.77136e-12
2.90142e+06    -2.57236e-12
2.90385e+06    -2.79315e-12
2.9063e+06    -2.02758e-12
2.90873e+06    -2.26546e-12
2.9145e+06    -2.48778e-12
2.91926e+06    -4.27837e-12
2.92224e+06    -2.10498e-12
2.92415e+06    -2.01837e-12
2.92678e+06    -1.74747e-12
2.9294e+06    -2.0012e-12
2.93203e+06    -4.20859e-12
2.93467e+06    -4.50411e-12
2.9373e+06    -4.96433e-12
2.93993e+06    -5.08905e-12
2.94257e+06    -2.57731e-12
2.94521e+06    -2.44329e-12
2.94774e+06    -2.54804e-12
2.95028e+06    -2.46539e-12
2.95281e+06    -2.5894e-12
2.95535e+06    -2.47023e-12
2.95789e+06    -2.6132e-12
2.96042e+06    -2.47678e-12
2.96296e+06    -1.55953e-11
2.9655e+06    -5.81561e-12
2.96669e+06    -4.1912e-12
2.96811e+06    -2.81678e-12
2.96959e+06    -2.09922e-12
2.97194e+06    -3.42652e-12
2.97429e+06    -2.40507e-12
2.97664e+06    -3.21855e-12
2.97899e+06    -2.76989e-12
2.98149e+06    -3.3463e-12
2.98399e+06    -3.11462e-12
2.98648e+06    -2.73806e-12
2.98898e+06    -2.62223e-12
2.99148e+06    -2.64336e-12
2.99398e+06    -2.65582e-12
2.99647e+06    -8.54761e-12
2.99897e+06    -7.04798e-13
3.00091e+06    3.10525e-13
3.00733e+06    -3.37467e-12
3.01983e+06    -6.14417e-12
3.02193e+06    -1.01102e-11
3.02417e+06    -5.08703e-12
3.02607e+06    -8.47439e-12
3.02857e+06    -8.18659e-12
3.03108e+06    -7.87292e-12
3.03359e+06    -7.64795e-12
3.0361e+06    -7.3077e-12
3.03858e+06    -7.48662e-12
3.04106e+06    -5.95044e-12
3.04254e+06    -6.18574e-12
3.04467e+06    -1.70528e-11
3.04663e+06    -1.08927e-11
3.04785e+06    -1.10503e-11
3.04912e+06    -7.1113e-12
3.05034e+06    -6.89005e-12
3.05299e+06    -6.40547e-12
3.05563e+06    -5.35086e-12
3.05827e+06    -5.35002e-12
3.06082e+06    -5.5734e-12
3.06337e+06    -5.57262e-12
3.06592e+06    -7.92252e-12
3.06847e+06    -7.91187e-12
3.07097e+06    -5.33247e-12
3.07347e+06    -5.33091e-12
3.07597e+06    -5.33375e-12
3.07847e+06    -5.33249e-12
3.08097e+06    -5.23074e-12
3.08346e+06    -5.22984e-12
3.08596e+06    -4.20339e-12
3.08845e+06    -1.7194e-12
3.0911e+06    -5.53865e-12
3.09374e+06    -3.53349e-12
3.09504e+06    -3.37927e-12
3.09666e+06    -1.43768e-12
3.09838e+06    -1.64409e-12
3.10092e+06    -1.81494e-12
3.10347e+06    -2.63845e-12
3.10602e+06    -2.17627e-12
3.10856e+06    -1.41935e-12
3.11111e+06    -4.85184e-13
3.11371e+06    -2.91724e-12
3.11631e+06    -2.04439e-12
3.1189e+06    -2.10473e-12
3.1215e+06    4.73619e-13
3.12481e+06    -1.17848e-13
3.13759e+06    -8.15231e-12
3.14398e+06    -3.77549e-12
3.14517e+06    -4.41539e-12
3.14782e+06    -7.88952e-12
3.15046e+06    -5.22332e-12
3.1529e+06    -5.22433e-12
3.15539e+06    -5.92778e-12
3.15788e+06    -3.51284e-12
3.16002e+06    -2.83421e-12
3.1625e+06    -2.29021e-12
3.16489e+06    -1.95129e-12
3.16727e+06    -2.23254e-12
3.16965e+06    -2.28236e-12
3.17203e+06    -1.85594e-12
3.17478e+06    -2.85842e-12
3.17753e+06    -1.91934e-12
3.18028e+06    -2.18183e-12
3.18301e+06    -1.53801e-12
3.19279e+06    -5.61352e-12
3.20018e+06    -5.34969e-12
3.20156e+06    -5.34683e-12
3.20408e+06    -5.34215e-12
3.2066e+06    -5.40893e-12
3.20912e+06    -5.40313e-12
3.21161e+06    -6.42883e-12
3.2141e+06    -6.38172e-12
3.21659e+06    -2.94365e-12
3.21909e+06    -3.42845e-12
3.22154e+06    -2.67853e-12
3.224e+06    -2.75073e-12
3.22646e+06    -4.86141e-12
3.22893e+06    -4.87094e-12
3.23148e+06    -5.17324e-12
3.23403e+06    -5.7641e-12
3.23654e+06    -5.44025e-12
3.23857e+06    -5.4392e-12
3.24091e+06    -2.85897e-12
3.24325e+06    -2.85785e-12
3.24559e+06    -2.85677e-12
3.24793e+06    -2.85373e-12
3.25027e+06    -2.85277e-12
3.25261e+06    -2.85185e-12
3.25495e+06    -2.85096e-12
3.2573e+06    -2.75363e-12
3.25964e+06    -2.75364e-12
3.26206e+06    -2.75366e-12
3.26449e+06    -2.75367e-12
3.26691e+06    -1.12076e-12
3.26934e+06    -9.77522e-13
3.27176e+06    -8.3512e-13
3.27419e+06    -6.97515e-13
3.27661e+06    -2.81523e-12
3.27904e+06    -2.81479e-12
3.28142e+06    -2.81433e-12
3.28379e+06    -2.81387e-12
3.28617e+06    -5.97255e-13
3.28855e+06    -5.20962e-13
3.29093e+06    -4.56287e-13
3.2933e+06    -4.18225e-13
3.29568e+06    -2.77768e-12
3.29806e+06    -2.77764e-12
3.3005e+06    -2.77757e-12
3.30294e+06    -2.77744e-12
3.30538e+06    -2.84406e-12
3.30781e+06    -2.84395e-12
3.31025e+06    -2.84376e-12
3.31269e+06    -2.84347e-12
3.31513e+06    -4.55238e-12
3.31757e+06    -2.71846e-12
3.31961e+06    -1.81155e-12
3.32264e+06    -9.56229e-13
3.32686e+06    -2.60075e-12
3.33417e+06    -2.61034e-12
3.33685e+06    -2.61543e-12
3.33956e+06    -4.96556e-12
3.34227e+06    -4.97788e-12
3.34479e+06    -4.86365e-12
3.3473e+06    -4.84289e-12
3.34982e+06    -2.59691e-12
3.35233e+06    -2.59687e-12
3.35484e+06    -2.59682e-12
3.35735e+06    -2.59678e-12
3.35986e+06    -1.01712e-11
3.36237e+06    -3.86907e-12
3.3638e+06    -6.49859e-12
3.36595e+06    -2.49249e-12
3.36785e+06    -2.49248e-12
3.37037e+06    -2.49246e-12
3.37289e+06    -2.49244e-12
3.37542e+06    -2.45797e-12
3.37794e+06    -2.45794e-12
3.38047e+06    -2.45792e-12
3.383e+06    -2.4579e-12
3.38553e+06    -1.31106e-11
3.38806e+06    -1.89767e-12
3.38946e+06    -1.9552e-12
3.39234e+06    -5.35675e-12
3.39531e+06    -2.41493e-12
3.39762e+06    -2.41491e-12
3.40016e+06    -2.41488e-12
3.40271e+06    -2.41486e-12
3.40525e+06    -4.77289e-12
3.40779e+06    -4.77431e-12
3.41033e+06    -4.7684e-12
3.41288e+06    -4.77371e-12
3.41542e+06    -2.39736e-12
3.41797e+06    -2.39736e-12
3.42051e+06    -2.39736e-12
3.42306e+06    -2.39737e-12
3.42561e+06    -2.39154e-12
3.42815e+06    -2.39155e-12
3.4307e+06    -2.39156e-12
3.43325e+06    -2.39157e-12
3.4358e+06    -1.18065e-11
3.43835e+06    -3.96917e-12
3.43968e+06    -6.13332e-12
3.44175e+06    -2.41511e-12
3.44363e+06    -2.41512e-12
3.44618e+06    -2.41513e-12
3.44873e+06    -2.41513e-12
3.45128e+06    -2.41514e-12
3.45383e+06    -4.46474e-12
3.45637e+06    -4.49002e-12
3.45892e+06    -2.64359e-12
3.46147e+06    -2.64604e-12
3.46402e+06    -4.78081e-12
3.46656e+06    -5.53845e-12
3.46794e+06    -9.45013e-12
3.46983e+06    -2.4892e-12
3.47145e+06    -2.48918e-12
3.474e+06    -2.48916e-12
3.47654e+06    -2.48914e-12
3.47909e+06    -2.48419e-12
3.48164e+06    -2.48404e-12
3.4842e+06    -2.48392e-12
3.48677e+06    -2.48382e-12
3.48933e+06    -2.2628e-12
3.4919e+06    -2.26296e-12
3.49472e+06    -2.2655e-12
3.49754e+06    -2.27063e-12
3.50036e+06    -8.35062e-14
3.50317e+06    -4.2626e-13
3.52438e+06    -2.39982e-12
