TIME[ns],    Itot[uA],
0    -0.541074
1.95448e-06    -0.541074
0.0150263    -0.537365
0.0300507    -0.534409
0.0451028    -0.531583
0.0601333    -0.529694
0.0752398    -0.52808
0.0902778    -0.525808
0.105419    -0.522014
0.120472    -0.51997
0.135556    -0.51934
0.150671    -0.519442
0.165757    -0.51688
0.180784    -0.515972
0.195849    -0.51546
0.210939    -0.51423
0.226058    -0.512578
0.241201    -0.510586
0.256334    -0.509336
0.271452    -0.50925
0.286552    -0.507457
0.301632    -0.506024
0.316673    -0.505728
0.3317    -0.504156
0.346741    -0.503631
0.361799    -0.501417
0.376875    -0.502671
0.39197    -0.502182
0.40709    -0.502026
0.422231    -0.49893
0.437363    -0.497837
0.452471    -0.497742
0.467554    -0.497571
0.482588    -0.495815
0.497622    -0.494798
0.512677    -0.494165
0.527775    -0.493756
0.542857    -0.491937
0.558023    -0.491467
0.573149    -0.48985
0.588252    -0.490071
0.60339    -0.487898
0.618425    -0.487283
0.633538    -0.485989
0.648697    -0.485821
0.663844    -0.483665
0.67896    -0.482312
0.694126    -0.481876
0.709241    -0.481092
0.724275    -0.480006
0.739318    -0.478898
0.754394    -0.478768
0.769482    -0.477591
0.784578    -0.47712
0.799731    -0.475956
0.814779    -0.474916
0.829911    -0.473225
0.844992    -0.473523
0.860038    -0.472994
0.875126    -0.47129
0.890236    -0.470738
0.905378    -0.47093
0.92049    -0.470173
0.935595    -0.468838
0.950646    -0.468889
0.965673    -0.467745
0.980711    -0.466199
0.995803    -0.465384
1.0109    -0.464589
1.02609    -0.461986
1.04123    -0.462593
1.05641    -0.461914
1.07146    -0.459433
1.08662    -0.460408
1.1018    -0.46003
1.1169    -0.45927
1.13213    -0.457713
1.14718    -0.456609
1.16221    -0.455685
1.17738    -0.454543
1.19255    -0.453899
1.20764    -0.454626
1.22287    -0.45359
1.23795    -0.45381
1.25299    -0.450062
1.26816    -0.451153
1.28333    -0.450257
1.2984    -0.45097
1.31365    -0.449097
1.32871    -0.447848
1.34376    -0.446608
1.35895    -0.446317
1.37411    -0.445881
1.38923    -0.444255
1.40444    -0.44385
1.41953    -0.443956
1.43481    -0.442625
1.45023    -0.442445
1.46553    -0.442221
1.48066    -0.441338
1.49581    -0.440206
1.511    -0.440109
1.52621    -0.438533
1.54132    -0.438491
1.5564    -0.437103
1.57146    -0.436217
1.58655    -0.436393
1.60179    -0.435233
1.61685    -0.435975
1.63205    -0.433088
1.6472    -0.432367
1.66224    -0.432062
1.67748    -0.431822
1.69256    -0.430612
1.70761    -0.43124
1.72272    -0.430459
1.73789    -0.428564
1.75307    -0.428437
1.76821    -0.426806
1.78328    -0.426262
1.79849    -0.425025
1.81362    -0.425242
1.82894    -0.424246
1.84405    -0.42362
1.85915    -0.422335
1.87432    -0.421831
1.88949    -0.422561
1.90489    -0.421073
1.92016    -0.420037
1.93525    -0.420311
1.95045    -0.420574
1.9656    -0.418628
1.98098    -0.418498
1.99615    -0.416702
2.01124    -0.416077
2.02644    -0.415429
2.0416    -0.414065
2.05677    -0.413994
2.07191    -0.414371
2.087    -0.414112
2.1022    -0.412273
2.11735    -0.412047
2.13241    -0.413368
2.14746    -0.41206
2.16254    -0.411256
2.17766    -0.410998
2.19274    -0.409921
2.20787    -0.40871
2.22306    -0.408212
2.23816    -0.405724
2.25335    -0.406344
2.26851    -0.406074
2.28362    -0.402648
2.29871    -0.401767
2.31388    -0.401997
2.32902    -0.401263
2.34443    -0.402018
2.35965    -0.400041
2.37474    -0.399591
2.38994    -0.399972
2.4051    -0.399412
2.42026    -0.399826
2.43541    -0.399026
2.4505    -0.397332
2.46564    -0.397187
2.48073    -0.395855
2.49592    -0.395934
2.51105    -0.3939
2.52609    -0.392511
2.5412    -0.392355
2.55636    -0.391599
2.57147    -0.391565
2.58666    -0.390781
2.60175    -0.389141
2.61689    -0.390015
2.6321    -0.389122
2.64731    -0.388892
2.66242    -0.387439
2.67755    -0.386491
2.69266    -0.386319
2.70783    -0.386408
2.72298    -0.385716
2.73821    -0.385926
2.75361    -0.384753
2.76882    -0.384439
2.78391    -0.383171
2.79906    -0.382827
2.81419    -0.380776
2.82926    -0.381219
2.8445    -0.381666
2.85957    -0.382098
2.87463    -0.380017
2.88968    -0.379709
2.9048    -0.379263
2.92002    -0.378984
2.93512    -0.378395
2.95018    -0.376583
2.96525    -0.376287
2.98036    -0.376413
2.99554    -0.376014
3.01071    -0.374672
3.02623    -0.373163
3.04166    -0.373044
3.05688    -0.372691
3.07198    -0.372213
3.08706    -0.369945
3.10209    -0.370812
3.11724    -0.36876
3.13241    -0.369794
3.14763    -0.369307
3.16298    -0.369196
3.17811    -0.366579
3.19326    -0.366217
3.20843    -0.367513
3.22365    -0.365671
3.23869    -0.365137
3.25381    -0.365531
3.26902    -0.364829
3.28413    -0.363066
3.2993    -0.362067
3.31441    -0.360509
3.32961    -0.360845
3.34473    -0.360575
3.35998    -0.35932
3.37501    -0.359607
3.39015    -0.359415
3.40534    -0.357799
3.42053    -0.356944
3.43562    -0.35687
3.45088    -0.354525
3.46593    -0.354322
3.48108    -0.35421
3.4962    -0.353772
3.51141    -0.353432
3.52652    -0.353245
3.54174    -0.352224
3.55681    -0.351892
3.57203    -0.349841
3.58711    -0.350452
3.60237    -0.350307
3.61754    -0.350361
3.63269    -0.348515
3.64775    -0.348298
3.66301    -0.348603
3.67808    -0.34793
3.69325    -0.347023
3.70836    -0.345127
3.72344    -0.345353
3.73868    -0.345313
3.75373    -0.344123
3.76906    -0.342914
3.78434    -0.344371
3.79942    -0.342544
3.81452    -0.3422
3.82967    -0.340645
3.84486    -0.338742
3.85995    -0.339917
3.87501    -0.33887
3.89025    -0.338179
3.90534    -0.336848
3.92043    -0.336412
3.93558    -0.336921
3.95062    -0.33491
3.96579    -0.334653
3.98094    -0.334835
3.99618    -0.333257
4.0112    -0.333156
4.02651    -0.333187
4.04185    -0.331955
4.05696    -0.330875
4.07217    -0.330192
4.08721    -0.330149
4.1025    -0.329222
4.11761    -0.330109
4.13279    -0.328162
4.14796    -0.327628
4.16339    -0.328762
4.17869    -0.326869
4.19377    -0.325921
4.20894    -0.325357
4.22398    -0.325388
4.23921    -0.325295
4.25427    -0.323988
4.26934    -0.324015
4.28447    -0.32429
4.29966    -0.323141
4.3147    -0.321162
4.32992    -0.32198
4.34497    -0.319854
4.36016    -0.32094
4.37529    -0.318555
4.39037    -0.317146
4.40559    -0.31915
4.42069    -0.316753
4.43588    -0.316142
4.45095    -0.315736
4.46617    -0.31585
4.48131    -0.315482
4.49655    -0.31612
4.5116    -0.315784
4.52677    -0.314626
4.54189    -0.315121
4.55705    -0.313316
4.57221    -0.311721
4.58733    -0.310157
4.60251    -0.310064
4.61765    -0.310413
4.6327    -0.309433
4.64795    -0.308913
4.66307    -0.310046
4.67834    -0.309208
4.69337    -0.307403
4.70851    -0.307268
4.72365    -0.305222
4.73885    -0.307465
4.75396    -0.305702
4.76908    -0.303285
4.78425    -0.302561
4.79941    -0.301872
4.81457    -0.301467
4.82967    -0.302077
4.84486    -0.301297
4.85995    -0.299695
4.87518    -0.300475
4.89027    -0.298645
4.90537    -0.298569
4.92064    -0.299145
4.93602    -0.298026
4.9513    -0.298397
4.96635    -0.295832
4.98154    -0.295322
4.99674    -0.296028
5.01181    -0.296303
5.02701    -0.294846
5.04214    -0.295337
5.05721    -0.292517
5.0723    -0.292202
5.08743    -0.291706
5.10258    -0.290942
5.11797    -0.291596
5.13338    -0.290331
5.14866    -0.290494
5.16376    -0.2906
5.17895    -0.288057
5.194    -0.288001
5.2092    -0.287677
5.22432    -0.288162
5.23942    -0.287804
5.2546    -0.287983
5.26965    -0.285692
5.2849    -0.284328
5.30002    -0.28586
5.31533    -0.284164
5.33047    -0.284885
5.34559    -0.282877
5.3608    -0.283031
5.37584    -0.281522
5.39091    -0.282005
5.40614    -0.280613
5.42127    -0.281508
5.43634    -0.280913
5.4514    -0.279913
5.46648    -0.277814
5.48161    -0.276845
5.4968    -0.277197
5.51199    -0.278366
5.52709    -0.276581
5.54236    -0.275722
5.55754    -0.274889
5.57267    -0.272989
5.58792    -0.272534
5.60298    -0.271951
5.6182    -0.271345
5.63332    -0.271843
5.64859    -0.271417
5.66368    -0.272197
5.67885    -0.269906
5.69399    -0.270125
5.70926    -0.268434
5.7243    -0.268313
5.7394    -0.268598
5.75451    -0.266122
5.76968    -0.266754
5.78488    -0.265937
5.79999    -0.266417
5.81517    -0.267427
5.83031    -0.265943
5.84537    -0.265495
5.86066    -0.263766
5.87573    -0.264175
5.89097    -0.264348
5.90603    -0.262994
5.92114    -0.261545
5.93625    -0.260285
5.95135    -0.259313
5.96653    -0.255965
5.98167    -0.257208
5.9969    -0.256536
6.0121    -0.256065
6.02723    -0.255682
6.04249    -0.256641
6.05765    -0.256596
6.07281    -0.253853
6.08804    -0.254663
6.10311    -0.254509
6.11834    -0.250442
6.13347    -0.250733
6.1486    -0.251685
6.16385    -0.250912
6.17945    -0.248627
6.1949    -0.248234
6.21012    -0.246729
6.22522    -0.247172
6.2405    -0.247332
6.25593    -0.244614
6.27144    -0.245672
6.28685    -0.246793
6.30228    -0.245767
6.3176    -0.246173
6.33274    -0.244957
6.3479    -0.242174
6.36305    -0.242366
6.37818    -0.243311
6.39334    -0.241553
6.40854    -0.241913
6.42358    -0.239909
6.43884    -0.239185
6.45395    -0.240284
6.46898    -0.238948
6.48432    -0.239186
6.49977    -0.238214
6.51505    -0.239333
6.53009    -0.237638
6.54515    -0.238492
6.56039    -0.2364
6.57551    -0.235073
6.59055    -0.236419
6.6058    -0.234291
6.6209    -0.232203
6.63599    -0.231948
6.6512    -0.229768
6.66636    -0.230142
6.68163    -0.231492
6.69667    -0.230842
6.71172    -0.228458
6.72693    -0.226888
6.74205    -0.227278
6.75742    -0.227771
6.77263    -0.226736
6.7877    -0.22686
6.80275    -0.227248
6.81801    -0.225557
6.83312    -0.223407
6.84861    -0.223224
6.86399    -0.223174
6.87919    -0.22232
6.89427    -0.220803
6.90946    -0.221752
6.92455    -0.220694
6.93961    -0.219248
6.95489    -0.220615
6.96998    -0.220001
6.98504    -0.219739
7.0002    -0.218004
7.01525    -0.21849
7.03053    -0.217682
7.04583    -0.216444
7.06096    -0.215756
7.07604    -0.214357
7.09123    -0.215053
7.10626    -0.212685
7.12139    -0.212268
7.13661    -0.210659
7.15215    -0.210314
7.16771    -0.21157
7.18317    -0.210735
7.19846    -0.210289
7.21351    -0.209075
7.22857    -0.20692
7.24386    -0.208336
7.25927    -0.20753
7.27473    -0.207817
7.29007    -0.205838
7.30523    -0.206371
7.32028    -0.204627
7.33532    -0.204095
7.35059    -0.203541
7.36569    -0.204819
7.3809    -0.204975
7.39597    -0.201676
7.41106    -0.201527
7.42634    -0.199079
7.44162    -0.19959
7.45665    -0.199313
7.47189    -0.199907
7.48693    -0.198675
7.50199    -0.197009
7.51719    -0.196601
7.53231    -0.195754
7.54749    -0.196245
7.56264    -0.19593
7.57788    -0.194702
7.59302    -0.19416
7.60826    -0.193409
7.62331    -0.192958
7.63843    -0.190929
7.65354    -0.190908
7.66857    -0.191056
7.68388    -0.191176
7.69933    -0.189919
7.71458    -0.189525
7.72964    -0.187845
7.74479    -0.186361
7.75995    -0.187146
7.77511    -0.18798
7.79017    -0.187561
7.80519    -0.186709
7.82044    -0.182686
7.83546    -0.182247
7.8505    -0.181177
7.86579    -0.182069
7.88094    -0.181072
7.8961    -0.180381
7.91121    -0.177833
7.92644    -0.178704
7.94177    -0.179136
7.95692    -0.178498
7.97205    -0.178298
7.98726    -0.177087
8.00275    -0.175706
8.01807    -0.17384
8.03317    -0.17409
8.04841    -0.174682
8.06369    -0.171961
8.07874    -0.171751
8.09403    -0.170435
8.10947    -0.170193
8.12473    -0.172052
8.13976    -0.171109
8.15497    -0.168616
8.17004    -0.169387
8.18532    -0.167921
8.2004    -0.166674
8.21548    -0.165951
8.23073    -0.165462
8.2462    -0.164884
8.26151    -0.163794
8.27653    -0.162466
8.29177    -0.160883
8.30681    -0.161607
8.32202    -0.160197
8.33713    -0.15883
8.3524    -0.159185
8.36799    -0.15799
8.38354    -0.159532
8.39892    -0.157261
8.41407    -0.156441
8.42911    -0.156281
8.44417    -0.15528
8.45944    -0.155437
8.47449    -0.154306
8.48954    -0.151623
8.50474    -0.15191
8.51981    -0.150852
8.53489    -0.151329
8.55015    -0.149186
8.56524    -0.148803
8.58044    -0.149227
8.59559    -0.147842
8.61064    -0.146981
8.62569    -0.146216
8.64086    -0.147414
8.65597    -0.145167
8.67121    -0.145315
8.68664    -0.143317
8.70195    -0.143082
8.71707    -0.14058
8.73223    -0.139293
8.74742    -0.139383
8.76258    -0.139053
8.77775    -0.138533
8.79315    -0.139263
8.80864    -0.138776
8.82402    -0.135793
8.83922    -0.135343
8.8543    -0.134895
8.86934    -0.134513
8.88447    -0.13445
8.89968    -0.132422
8.91492    -0.133045
8.92996    -0.132136
8.94516    -0.130979
8.96022    -0.128357
8.97547    -0.126773
8.99058    -0.126984
9.00583    -0.126314
9.02088    -0.126824
9.03595    -0.125327
9.05107    -0.124332
9.06612    -0.124704
9.08127    -0.12315
9.09647    -0.122149
9.1118    -0.121315
9.12696    -0.120838
9.14209    -0.119465
9.15731    -0.118605
9.17253    -0.119129
9.18758    -0.116223
9.20286    -0.115725
9.21864    -0.114784
9.23441    -0.114095
9.25019    -0.113851
9.26596    -0.11212
9.28173    -0.111296
9.29751    -0.111087
9.31328    -0.111335
9.32906    -0.108957
9.34483    -0.108854
9.36061    -0.106522
9.37638    -0.105573
9.39216    -0.104692
9.40793    -0.10425
9.42371    -0.104465
9.43948    -0.102807
9.45526    -0.103204
9.47103    -0.0999037
9.48681    -0.0994735
9.50258    -0.0994667
9.51836    -0.0994734
9.53413    -0.0962019
9.54991    -0.0962085
9.56568    -0.096154
9.58146    -0.0937146
9.59723    -0.0923942
9.61301    -0.0926315
9.62878    -0.0911135
9.64456    -0.0889553
9.66033    -0.0889583
9.67611    -0.0889717
9.69189    -0.0857207
9.70766    -0.0856912
9.72344    -0.0844014
9.73921    -0.0843484
9.75499    -0.084305
9.77076    -0.0809008
9.78654    -0.0809613
9.80232    -0.081239
9.8181    -0.0812445
9.83388    -0.0797567
9.84966    -0.0797493
9.89585    -0.0793
9.94197    -0.0789179
9.98868    -0.0786059
10.0349    -0.0783374
10.0813    -0.0781398
10.1278    -0.0778223
10.1744    -0.0779658
10.2207    -0.0775939
10.2674    -0.0770746
10.3136    -0.076931
10.3605    -0.076392
10.407    -0.0762238
10.4532    -0.0756529
10.5    -0.075639
10.5461    -0.0749324
10.5929    -0.0751204
10.6392    -0.0750557
10.686    -0.0752535
10.7325    -0.0753405
10.7794    -0.0749832
10.8263    -0.075203
10.873    -0.0738814
10.9194    -0.0736933
10.9661    -0.0736489
11.0125    -0.0734561
11.059    -0.0735016
11.1056    -0.0729815
11.1521    -0.0731459
11.1986    -0.0725685
11.2453    -0.0718994
11.292    -0.0717908
11.3386    -0.0713911
11.3852    -0.0713432
11.4317    -0.070886
11.4783    -0.070949
11.5254    -0.070788
11.5721    -0.0705291
11.6193    -0.0704963
11.6655    -0.070325
11.7118    -0.0704295
11.7585    -0.0701925
11.8049    -0.069551
11.8512    -0.0694798
11.8976    -0.0692699
11.944    -0.0691846
11.9905    -0.0687821
12.0372    -0.0686097
12.0836    -0.0687816
12.1297    -0.0684075
12.1759    -0.0681345
12.2225    -0.0678328
12.2692    -0.0679208
12.3154    -0.0678998
12.3617    -0.0678304
12.4081    -0.0671113
12.4545    -0.0666661
12.5008    -0.0662385
12.547    -0.066249
12.5933    -0.0657666
12.6394    -0.0658775
12.6857    -0.066007
12.7322    -0.0655649
12.7788    -0.0656177
12.825    -0.0648382
12.8714    -0.0647448
12.9178    -0.0639032
12.9645    -0.0641272
13.0107    -0.063595
13.0569    -0.0634038
13.1034    -0.0628048
13.1497    -0.0627814
13.1962    -0.0626502
13.2428    -0.0626579
13.2893    -0.062389
13.3359    -0.0621154
13.3827    -0.0619383
13.4294    -0.0619911
13.476    -0.061485
13.5228    -0.0614141
13.5695    -0.0610182
13.6162    -0.0607703
13.663    -0.0607653
13.7096    -0.0603218
13.7561    -0.0604464
13.803    -0.0602184
13.8495    -0.0598167
13.8962    -0.0593942
13.9429    -0.0593021
13.9895    -0.0594932
14.0361    -0.0590983
14.0828    -0.0581134
14.1296    -0.0579647
14.1763    -0.0574765
14.2233    -0.0570914
14.2701    -0.0567907
14.3168    -0.0560955
14.3633    -0.0562597
14.41    -0.0565406
14.4566    -0.0559855
14.5033    -0.0554211
14.55    -0.0553868
14.5969    -0.0552874
14.6436    -0.0555001
14.6905    -0.0553503
14.7371    -0.0549155
14.7837    -0.0553175
14.8304    -0.0554462
14.8771    -0.0548554
14.9239    -0.0544995
14.9706    -0.0540937
15.0174    -0.0542003
15.064    -0.0536011
15.1109    -0.0529636
15.1577    -0.0530935
15.2046    -0.0525083
15.2514    -0.0520822
15.298    -0.0516407
15.3447    -0.0517281
15.3914    -0.0516368
15.4381    -0.0516458
15.4847    -0.0513889
15.5315    -0.0514635
15.5782    -0.0514149
15.6248    -0.0513138
15.6715    -0.0506219
15.7181    -0.0501461
15.7647    -0.0499152
15.8113    -0.0498468
15.858    -0.0494377
15.9047    -0.0494233
15.9514    -0.0487072
15.9981    -0.0486326
16.0449    -0.048491
16.0917    -0.0486924
16.1384    -0.0481777
16.1851    -0.0476287
16.2319    -0.0477674
16.2786    -0.0476875
16.3254    -0.0472517
16.372    -0.0464776
16.4188    -0.0467758
16.4657    -0.0467206
16.5125    -0.0461876
16.5595    -0.0456796
16.6061    -0.0453979
16.6529    -0.0451458
16.6997    -0.0449502
16.7464    -0.045113
16.7932    -0.0446813
16.8399    -0.0447987
16.8865    -0.0444242
16.9333    -0.0437442
16.98    -0.0436065
17.0268    -0.0430725
17.0734    -0.0426522
17.12    -0.041971
17.1667    -0.0418889
17.2134    -0.0417331
17.26    -0.0417522
17.3068    -0.0414994
17.3535    -0.0415706
17.4003    -0.0413334
17.4471    -0.0416047
17.4939    -0.0411192
17.5408    -0.0404518
17.5878    -0.0405119
17.6345    -0.0405629
17.6814    -0.0405457
17.7282    -0.0402193
17.7749    -0.0398992
17.8216    -0.0391101
17.8682    -0.0391174
17.9149    -0.039019
17.9616    -0.0388411
18.0083    -0.038375
18.0551    -0.0384206
18.1018    -0.0381858
18.1486    -0.038118
18.1954    -0.037239
18.2422    -0.0374346
18.2891    -0.0371645
18.3359    -0.0369925
18.3826    -0.0364956
18.4295    -0.0363575
18.4762    -0.0359771
18.5231    -0.0353366
18.57    -0.0356113
18.6168    -0.034738
18.6637    -0.0350145
18.7106    -0.0348391
18.7573    -0.0345589
18.8042    -0.0342589
18.851    -0.0340697
18.8981    -0.034041
18.9447    -0.0340671
18.9914    -0.0332997
19.0382    -0.0328459
19.0849    -0.0326403
19.1317    -0.0325523
19.1785    -0.0322508
19.2252    -0.032144
19.272    -0.032173
19.3188    -0.0320721
19.3657    -0.0318715
19.4125    -0.0311492
19.4592    -0.0308827
19.5062    -0.0305126
19.553    -0.0307451
19.6    -0.0301434
19.6467    -0.0300011
19.6938    -0.0298651
19.7406    -0.0294213
19.7872    -0.0292559
19.8339    -0.0289992
19.8807    -0.0287304
19.9275    -0.028827
19.9742    -0.028393
20.0211    -0.0282222
20.0677    -0.0285094
20.1146    -0.0277296
20.1613    -0.0271974
20.2081    -0.0269784
20.2549    -0.0268337
20.3018    -0.0268376
20.3488    -0.0267299
20.3958    -0.0262685
20.4425    -0.0259618
20.4891    -0.0257353
20.5358    -0.0256377
20.5826    -0.0257295
20.6293    -0.0253817
20.676    -0.0252346
20.723    -0.0248064
20.7697    -0.0242051
20.8168    -0.0234011
20.8636    -0.023229
20.9103    -0.023292
20.9574    -0.0232542
21.0041    -0.0228528
21.0508    -0.0220204
21.0976    -0.0220809
21.1444    -0.0219181
21.1914    -0.0218492
21.2382    -0.0217607
21.2849    -0.0216883
21.332    -0.0214733
21.3786    -0.0211018
21.4257    -0.0208432
21.4723    -0.0204422
21.5192    -0.0197546
21.5659    -0.0195874
21.6126    -0.0193286
21.6592    -0.0192553
21.7059    -0.0190376
21.7526    -0.0183999
21.7998    -0.0181049
21.8466    -0.0176948
21.8934    -0.0176987
21.9403    -0.0176203
21.9872    -0.0174615
22.0342    -0.0171494
22.0808    -0.0169143
22.1279    -0.0167549
22.1746    -0.0165647
22.2213    -0.0157964
22.268    -0.015541
22.3146    -0.0152045
22.3614    -0.0151375
22.4081    -0.0150559
22.4549    -0.0144917
22.502    -0.0141441
22.5489    -0.0139463
22.5955    -0.0139112
22.6424    -0.0137911
22.6891    -0.0131992
22.736    -0.0130037
22.7842    -0.0124162
22.832    -0.0123635
22.8793    -0.0121409
22.9261    -0.0116718
22.9731    -0.0116723
23.0199    -0.0111466
23.067    -0.010889
23.1176    -0.010639
23.1677    -0.010639
23.2191    -0.0101554
23.2706    -0.00967183
23.322    -0.00918824
23.3735    -0.00870465
23.425    -0.00846285
23.4764    -0.00797926
23.5279    -0.00773747
23.5793    -0.00725387
23.6308    -0.00725387
23.6822    -0.00677028
23.7337    -0.00652849
23.7851    -0.00652849
23.8366    -0.00628669
23.8881    -0.0055613
23.9395    -0.00531951
23.991    -0.00483592
24.0424    -0.00435233
24.0939    -0.00386874
24.1453    -0.00386874
24.1968    -0.00362694
24.2482    -0.00314335
24.2997    -0.00290156
24.3512    -0.00265976
24.4026    -0.00241796
24.4541    -0.00217617
24.5055    -0.00169258
24.557    -0.00169258
24.6084    -0.00120898
24.6599    -0.000967187
24.7114    -0.000483594
