TIME[ns],    Itot[uA],
0    -0.657809
9.77239e-07    -0.658079
0.0057841    -0.654064
0.0115672    -0.653734
0.0173503    -0.652862
0.0231335    -0.651424
0.0289166    -0.649904
0.0346997    -0.649479
0.0404828    -0.647338
0.046266    -0.646647
0.0520491    -0.645451
0.0578322    -0.644192
0.0636153    -0.643303
0.0693984    -0.642573
0.0751816    -0.6403
0.0809647    -0.639564
0.0867478    -0.63767
0.0925309    -0.636875
0.098314    -0.635653
0.104097    -0.633428
0.10988    -0.633003
0.115663    -0.631294
0.121447    -0.630287
0.12723    -0.628975
0.133013    -0.628051
0.138796    -0.626435
0.144579    -0.625365
0.150362    -0.624052
0.156145    -0.622645
0.161928    -0.621968
0.167711    -0.620331
0.173495    -0.61845
0.179278    -0.61758
0.185061    -0.616286
0.190844    -0.61473
0.196627    -0.613716
0.20241    -0.612431
0.208193    -0.614213
0.213976    -0.612694
0.21976    -0.611627
0.225543    -0.610124
0.231326    -0.608707
0.237109    -0.607193
0.242892    -0.606462
0.248675    -0.605218
0.254458    -0.603692
0.260241    -0.602278
0.266025    -0.600432
0.271808    -0.599535
0.277591    -0.597989
0.283374    -0.59667
0.289157    -0.598323
0.29494    -0.596669
0.300723    -0.595587
0.306506    -0.594545
0.312289    -0.592918
0.318073    -0.591669
0.323856    -0.590197
0.329639    -0.588458
0.335422    -0.587422
0.341205    -0.586052
0.346988    -0.584987
0.352771    -0.58245
0.358554    -0.581381
0.364338    -0.580261
0.370121    -0.57913
0.375904    -0.580365
0.381687    -0.579212
0.38747    -0.577368
0.393253    -0.576114
0.399036    -0.574754
0.404819    -0.573702
0.410603    -0.572471
0.416386    -0.574364
0.422169    -0.572171
0.427952    -0.571105
0.433735    -0.570347
0.439518    -0.568949
0.445301    -0.5699
0.451084    -0.568668
0.456867    -0.567798
0.462651    -0.566194
0.468434    -0.564606
0.474217    -0.563175
0.48    -0.565345
0.485783    -0.563955
0.491566    -0.562668
0.497349    -0.561098
0.503132    -0.559727
0.508916    -0.55855
0.514699    -0.560312
0.520482    -0.558685
0.526265    -0.556979
0.532048    -0.556129
0.537831    -0.554746
0.543614    -0.552688
0.549397    -0.554774
0.55518    -0.553772
0.560964    -0.552
0.566747    -0.550574
0.57253    -0.549212
0.578313    -0.547802
0.584096    -0.549844
0.589879    -0.547984
0.595662    -0.54677
0.601445    -0.545229
0.607229    -0.543916
0.613012    -0.5452
0.618795    -0.544038
0.624578    -0.542453
0.630361    -0.541872
0.636144    -0.542863
0.641927    -0.541418
0.64771    -0.540414
0.653493    -0.539136
0.659276    -0.540457
0.665059    -0.539087
0.670841    -0.537951
0.676624    -0.536153
0.682406    -0.537968
0.688189    -0.536482
0.693971    -0.535463
0.699754    -0.533687
0.705536    -0.535275
0.711319    -0.534264
0.717102    -0.532408
0.722884    -0.531374
0.728667    -0.53362
0.734449    -0.530861
0.740232    -0.530276
0.746014    -0.529439
0.751797    -0.52657
0.757579    -0.529129
0.763362    -0.527933
0.769144    -0.525979
0.774927    -0.52447
0.780709    -0.526425
0.786492    -0.524754
0.792274    -0.523373
0.798057    -0.521869
0.803839    -0.52417
0.809622    -0.522119
0.815404    -0.520703
0.821187    -0.519962
0.826969    -0.520804
0.832752    -0.519076
0.838534    -0.518525
0.844317    -0.517023
0.850099    -0.517863
0.855882    -0.517621
0.861664    -0.516025
0.867447    -0.516967
0.873229    -0.516337
0.879012    -0.515465
0.884794    -0.516244
0.890577    -0.515316
0.896359    -0.514843
0.902142    -0.515027
0.907924    -0.514354
0.913707    -0.513607
0.919489    -0.511061
0.925272    -0.513351
0.931054    -0.512554
0.936837    -0.510486
0.942619    -0.512252
0.948402    -0.511358
0.954184    -0.509772
0.959967    -0.511146
0.965749    -0.510418
0.971532    -0.509014
0.977315    -0.510137
0.983097    -0.509179
0.98888    -0.508025
0.994662    -0.506052
1.00044    -0.507882
1.00623    -0.507191
1.01201    -0.505578
1.01779    -0.50678
1.02357    -0.506119
1.02936    -0.504737
1.03514    -0.505639
1.04092    -0.505063
1.0467    -0.503551
1.05249    -0.504731
1.05827    -0.503799
1.06405    -0.502562
1.06983    -0.500502
1.07562    -0.502765
1.0814    -0.501325
1.08718    -0.500238
1.09296    -0.501935
1.09875    -0.500416
1.10453    -0.499235
1.11031    -0.500671
1.11609    -0.499652
1.12188    -0.498214
1.12766    -0.499466
1.13344    -0.498381
1.13922    -0.497123
1.14501    -0.498005
1.15079    -0.497436
1.15657    -0.496116
1.16235    -0.49436
1.16814    -0.496447
1.17392    -0.494992
1.1797    -0.493745
1.18548    -0.495055
1.19127    -0.493851
1.19705    -0.492612
1.20283    -0.494046
1.20862    -0.492726
1.2144    -0.491625
1.22018    -0.493007
1.22596    -0.491921
1.23175    -0.490663
1.23753    -0.488807
1.24331    -0.490941
1.24909    -0.489504
1.25488    -0.488245
1.26066    -0.490027
1.26644    -0.488525
1.27222    -0.487035
1.27801    -0.488634
1.28379    -0.487062
1.28957    -0.486133
1.29535    -0.4877
1.30114    -0.486163
1.30692    -0.485024
1.3127    -0.483576
1.31848    -0.484793
1.32427    -0.483938
1.33005    -0.482708
1.33583    -0.483546
1.34161    -0.482723
1.3474    -0.48134
1.35318    -0.48264
1.35896    -0.481457
1.36474    -0.479719
1.37053    -0.481881
1.37631    -0.480559
1.38209    -0.478986
1.38787    -0.481022
1.39366    -0.479782
1.39944    -0.478287
1.40522    -0.480068
1.411    -0.478837
1.41679    -0.477223
1.42257    -0.478971
1.42835    -0.477793
1.43413    -0.476406
1.43992    -0.478108
1.4457    -0.477002
1.45148    -0.475623
1.45726    -0.47729
1.46305    -0.476202
1.46883    -0.474769
1.47461    -0.476399
1.48039    -0.474671
1.48618    -0.473791
1.49196    -0.47555
1.49774    -0.473959
1.50352    -0.472821
1.50931    -0.47439
1.51509    -0.472938
1.52087    -0.47199
1.52665    -0.473655
1.53244    -0.472024
1.53822    -0.470755
1.544    -0.472782
1.54978    -0.471056
1.55557    -0.469864
1.56135    -0.471326
1.56713    -0.470201
1.57291    -0.468816
1.5787    -0.4705
1.58448    -0.469268
1.59026    -0.468107
1.59604    -0.469519
1.60183    -0.468477
1.60761    -0.466977
1.61339    -0.468798
1.61917    -0.467583
1.62496    -0.468461
1.63074    -0.467651
1.63652    -0.466731
1.6423    -0.467656
1.64809    -0.466642
1.65387    -0.465703
1.65965    -0.466816
1.66543    -0.465836
1.67122    -0.464351
1.677    -0.466165
1.68278    -0.464924
1.68856    -0.46358
1.69435    -0.465304
1.70013    -0.464331
1.70591    -0.461964
1.71169    -0.464218
1.71748    -0.463338
1.72326    -0.461324
1.72904    -0.46362
1.73482    -0.462412
1.74061    -0.460654
1.74639    -0.462711
1.75217    -0.461041
1.75795    -0.459806
1.76374    -0.462065
1.76952    -0.459548
1.7753    -0.458995
1.78108    -0.460848
1.78687    -0.458878
1.79265    -0.461105
1.79843    -0.459912
1.80421    -0.458137
1.81    -0.460227
1.81578    -0.458677
1.82156    -0.457318
1.82734    -0.45952
1.83313    -0.457437
1.83891    -0.456685
1.84469    -0.458595
1.85047    -0.456321
1.85626    -0.455298
1.86204    -0.457444
1.86782    -0.455436
1.8736    -0.454685
1.87939    -0.456617
1.88517    -0.454771
1.89095    -0.456865
1.89673    -0.454922
1.90252    -0.453991
1.9083    -0.455984
1.91408    -0.453856
1.91986    -0.452784
1.92565    -0.45513
1.93143    -0.452962
1.93721    -0.452095
1.94299    -0.453975
1.94878    -0.452143
1.95456    -0.451229
1.96034    -0.452696
1.96612    -0.451568
1.97191    -0.453735
1.97769    -0.451862
1.98347    -0.451042
1.98925    -0.453051
1.99504    -0.45089
2.00082    -0.449925
2.0066    -0.45191
2.01238    -0.450188
2.01817    -0.449162
2.02395    -0.451131
2.02973    -0.449647
2.03551    -0.451684
2.0413    -0.449839
2.04708    -0.44904
2.05286    -0.451008
2.05864    -0.448735
2.06443    -0.447997
2.07021    -0.449934
2.07599    -0.448173
2.08177    -0.447213
2.08756    -0.449136
2.09334    -0.447605
2.09912    -0.446721
2.1049    -0.448041
2.11069    -0.447024
2.11647    -0.448948
2.12225    -0.44718
2.12803    -0.445968
2.13382    -0.447803
2.1396    -0.446183
2.14538    -0.445258
2.15116    -0.447026
2.15695    -0.445607
2.16273    -0.444483
2.16851    -0.446361
2.17429    -0.444743
2.18008    -0.446674
2.18586    -0.445089
2.19164    -0.443942
2.19742    -0.445804
2.20321    -0.444078
2.20899    -0.44328
2.21477    -0.444942
2.22055    -0.443532
2.22634    -0.442163
2.23212    -0.444273
2.2379    -0.442633
2.24368    -0.441626
2.24947    -0.443291
2.25525    -0.441985
2.26103    -0.443776
2.26681    -0.442069
2.2726    -0.441114
2.27838    -0.443112
2.28416    -0.441326
2.28994    -0.440159
2.29573    -0.442212
2.30151    -0.440501
2.30729    -0.439643
2.31307    -0.441644
2.31886    -0.439876
2.32464    -0.441801
2.33042    -0.440314
2.3362    -0.438798
2.34199    -0.440995
2.34777    -0.439212
2.35355    -0.438112
2.35933    -0.440149
2.36512    -0.4384
2.3709    -0.43723
2.37668    -0.439394
2.38246    -0.437635
2.38825    -0.436556
2.39403    -0.438226
2.39981    -0.436726
2.40559    -0.438887
2.41138    -0.436983
2.41716    -0.435849
2.42294    -0.438261
2.42872    -0.436288
2.43451    -0.435088
2.44029    -0.437342
2.44607    -0.435541
2.45185    -0.434435
2.45764    -0.436447
2.46342    -0.434322
2.4692    -0.436782
2.47498    -0.434834
2.48077    -0.433626
2.48655    -0.436135
2.49233    -0.434086
2.49811    -0.432971
2.5039    -0.435291
2.50968    -0.433178
2.51546    -0.432258
2.52124    -0.434362
2.52703    -0.432253
2.53281    -0.431749
2.53859    -0.432566
2.54438    -0.431599
2.55016    -0.433968
2.55594    -0.432017
2.56172    -0.430931
2.56751    -0.433167
2.57329    -0.43082
2.57907    -0.430225
2.58485    -0.431541
2.59064    -0.43004
2.59642    -0.429654
2.6022    -0.430519
2.60798    -0.429464
2.61377    -0.431926
2.61955    -0.429938
2.62533    -0.4289
2.63111    -0.430878
2.6369    -0.42869
2.64268    -0.42826
2.64846    -0.429644
2.65424    -0.428158
2.66003    -0.427577
2.66581    -0.428627
2.67159    -0.427722
2.67737    -0.429635
2.68316    -0.427483
2.68894    -0.42689
2.69472    -0.428572
2.7005    -0.42687
2.70629    -0.426372
2.71207    -0.427835
2.71785    -0.4264
2.72363    -0.425328
2.72942    -0.426828
2.7352    -0.425758
2.74098    -0.424651
2.74676    -0.425537
2.75255    -0.425109
2.75833    -0.42675
2.76411    -0.425078
2.76989    -0.424575
2.77568    -0.425503
2.78146    -0.424446
2.78724    -0.423269
2.79302    -0.42491
2.79881    -0.423914
2.80459    -0.422753
2.81037    -0.423788
2.81615    -0.423202
2.82193    -0.424159
2.82772    -0.423165
2.8335    -0.422141
2.83928    -0.423641
2.84506    -0.422587
2.85085    -0.421473
2.85663    -0.42242
2.86241    -0.421922
2.86819    -0.422933
2.87397    -0.421719
2.87976    -0.42133
2.88554    -0.422262
2.89132    -0.42122
2.8971    -0.420033
2.90289    -0.421656
2.90867    -0.420635
2.91445    -0.418803
2.92023    -0.42048
2.92601    -0.419938
2.9318    -0.420892
2.93758    -0.419814
2.94336    -0.419455
2.94914    -0.42023
2.95493    -0.419271
2.96071    -0.418125
2.96649    -0.419396
2.97227    -0.418718
2.97806    -0.419923
2.98384    -0.418524
2.98962    -0.418075
2.9954    -0.418883
3.00118    -0.417846
3.00697    -0.417011
3.01275    -0.418361
3.01853    -0.417325
3.02431    -0.418537
3.0301    -0.417195
3.03588    -0.416679
3.04166    -0.4177
3.04744    -0.416474
3.05323    -0.416125
3.05901    -0.416989
3.06479    -0.415944
3.07057    -0.417848
3.07635    -0.41632
3.08214    -0.415418
3.08792    -0.416639
3.0937    -0.415264
3.09948    -0.414743
3.10527    -0.415719
3.11105    -0.414531
3.11683    -0.414066
3.12261    -0.415025
3.1284    -0.414053
3.13418    -0.415681
3.13996    -0.414136
3.14574    -0.413329
3.15152    -0.414661
3.15731    -0.413305
3.16309    -0.412803
3.16887    -0.413632
3.17465    -0.412634
3.18044    -0.414523
3.18622    -0.413056
3.192    -0.412146
3.19778    -0.413296
3.20357    -0.411906
3.20935    -0.411398
3.21513    -0.412489
3.22091    -0.411193
3.22669    -0.410854
3.23248    -0.411685
3.23826    -0.410701
3.24404    -0.412541
3.24982    -0.41112
3.25561    -0.410189
3.26139    -0.411354
3.26717    -0.410004
3.27295    -0.409519
3.27874    -0.410366
3.28452    -0.409427
3.2903    -0.408538
3.29608    -0.409884
3.30186    -0.408972
3.30765    -0.410649
3.31343    -0.409117
3.31921    -0.408475
3.32499    -0.409443
3.33078    -0.408239
3.33656    -0.407874
3.34234    -0.408694
3.34812    -0.407728
3.35391    -0.409699
3.35969    -0.408172
3.36547    -0.407271
3.37125    -0.408456
3.37703    -0.407169
3.38282    -0.406674
3.3886    -0.407632
3.39438    -0.406548
3.40016    -0.406243
3.40595    -0.406989
3.41173    -0.406089
3.41751    -0.407691
3.42329    -0.406598
3.42908    -0.405594
3.43486    -0.406689
3.44064    -0.405496
3.44642    -0.405037
3.4522    -0.405983
3.45799    -0.404895
3.46377    -0.404007
3.46955    -0.405323
3.47533    -0.404415
3.48112    -0.405974
3.4869    -0.404671
3.49268    -0.403899
3.49846    -0.404822
3.50425    -0.403721
3.51003    -0.403359
3.51581    -0.404114
3.52159    -0.403213
3.52737    -0.404999
3.53316    -0.403639
3.53894    -0.40269
3.54472    -0.403711
3.5505    -0.402567
3.55629    -0.402062
3.56207    -0.402907
3.56785    -0.401937
3.57363    -0.401373
3.57942    -0.402323
3.5852    -0.401402
3.59098    -0.402942
3.59676    -0.40179
3.60254    -0.400931
3.60833    -0.40175
3.61411    -0.400726
3.61989    -0.400194
3.62567    -0.401031
3.63146    -0.40012
3.63724    -0.398994
3.64302    -0.400512
3.6488    -0.399614
3.65459    -0.401124
3.66037    -0.399407
3.66615    -0.3991
3.67193    -0.399789
3.67771    -0.398777
3.6835    -0.398271
3.68928    -0.399199
3.69506    -0.398303
3.70084    -0.400011
3.70663    -0.39869
3.71241    -0.397782
3.71819    -0.398752
3.72397    -0.397588
3.72976    -0.397209
3.73554    -0.397848
3.74132    -0.396987
3.7471    -0.396449
3.75288    -0.397329
3.75867    -0.396428
3.76445    -0.397877
3.77023    -0.396823
3.77601    -0.395905
3.7818    -0.396822
3.78758    -0.395759
3.79336    -0.395196
3.79914    -0.396012
3.80493    -0.395147
3.81071    -0.397124
3.81649    -0.395544
3.82227    -0.394598
3.82805    -0.395637
3.83384    -0.395007
3.83962    -0.393825
3.8454    -0.394702
3.85118    -0.393831
3.85697    -0.393378
3.86275    -0.394167
3.86853    -0.393318
3.87431    -0.39494
3.8801    -0.393693
3.88588    -0.392649
3.89166    -0.393675
3.89744    -0.392671
3.90322    -0.39199
3.90901    -0.392894
3.91479    -0.391991
3.92057    -0.391325
3.92635    -0.392376
3.93214    -0.391432
3.93792    -0.39281
3.9437    -0.391876
3.94948    -0.390713
3.95527    -0.39185
3.96105    -0.390767
3.96683    -0.390041
3.97261    -0.391062
3.97839    -0.39017
3.98418    -0.39199
3.98996    -0.390631
3.99574    -0.389543
4.00152    -0.390612
4.00731    -0.390149
4.01309    -0.389043
4.01887    -0.390133
4.02465    -0.388937
4.03044    -0.388347
4.03622    -0.389458
4.042    -0.38832
4.04778    -0.390054
4.05356    -0.38894
4.05935    -0.3878
4.06513    -0.388854
4.07091    -0.387893
4.07669    -0.387264
4.08248    -0.3882
4.08826    -0.387262
4.09404    -0.3867
4.09982    -0.387729
4.10561    -0.386658
4.11139    -0.388107
4.11717    -0.387002
4.12295    -0.386228
4.12873    -0.38718
4.13452    -0.386244
4.1403    -0.385495
4.14608    -0.386537
4.15186    -0.385502
4.15765    -0.387508
4.16343    -0.385848
4.16921    -0.385049
4.17499    -0.386043
4.18078    -0.385332
4.18656    -0.384444
4.19234    -0.385595
4.19812    -0.3843
4.2039    -0.383833
4.20969    -0.384865
4.21547    -0.383861
4.22125    -0.385471
4.22703    -0.384138
4.23282    -0.383401
4.2386    -0.384357
4.24438    -0.383526
4.25016    -0.382798
4.25594    -0.383709
4.26173    -0.38266
4.26751    -0.381829
4.27329    -0.382956
4.27907    -0.38215
4.28486    -0.383636
4.29064    -0.382448
4.29642    -0.381586
4.3022    -0.382711
4.30799    -0.381584
4.31377    -0.380935
4.31955    -0.3817
4.32533    -0.380966
4.33111    -0.383217
4.3369    -0.381254
4.34268    -0.380378
4.34846    -0.381917
4.35424    -0.380303
4.36003    -0.379926
4.36581    -0.380964
4.37159    -0.379728
4.37737    -0.378917
4.38315    -0.380026
4.38894    -0.379248
4.39472    -0.380905
4.4005    -0.379273
4.40628    -0.37865
4.41207    -0.379783
4.41785    -0.378657
4.42363    -0.378013
4.42941    -0.378791
4.4352    -0.37803
4.44098    -0.377237
4.44676    -0.378299
4.45254    -0.37743
4.45832    -0.378974
4.46411    -0.377592
4.46989    -0.376809
4.47567    -0.377641
4.48145    -0.376928
4.48724    -0.376131
4.49302    -0.377059
4.4988    -0.376309
4.50458    -0.378581
4.51037    -0.376347
4.51615    -0.375553
4.52193    -0.377086
4.52771    -0.375843
4.53349    -0.374874
4.53928    -0.375798
4.54506    -0.375227
4.55084    -0.374393
4.55662    -0.375091
4.56241    -0.374463
4.56819    -0.376454
4.57397    -0.374562
4.57975    -0.373856
4.58554    -0.375125
4.59132    -0.374096
4.5971    -0.373172
4.60288    -0.374157
4.60866    -0.373296
4.61445    -0.372143
4.62023    -0.373336
4.62601    -0.37264
4.63179    -0.374047
4.63758    -0.37286
4.64336    -0.371917
4.64914    -0.372974
4.65492    -0.372242
4.66071    -0.370927
4.66649    -0.372121
4.67227    -0.371388
4.67805    -0.370028
4.68383    -0.37163
4.68962    -0.370823
4.6954    -0.37224
4.70118    -0.371153
4.70696    -0.370168
4.71275    -0.370921
4.71853    -0.370417
4.72431    -0.369017
4.73009    -0.370431
4.73588    -0.369684
4.74166    -0.371422
4.74744    -0.369937
4.75322    -0.368985
4.759    -0.369739
4.76479    -0.369195
4.77057    -0.368006
4.77635    -0.369219
4.78213    -0.36871
4.78792    -0.367143
4.7937    -0.368694
4.79948    -0.367714
4.80526    -0.369055
4.81105    -0.367959
4.81683    -0.366818
4.82261    -0.367918
4.82839    -0.367465
4.83417    -0.36591
4.83996    -0.367432
4.84574    -0.366818
4.85152    -0.364967
4.8573    -0.366973
4.86309    -0.365602
4.86887    -0.367003
4.87465    -0.366215
4.88043    -0.364915
4.88622    -0.366183
4.892    -0.365708
4.89778    -0.364189
4.90356    -0.365721
4.90935    -0.364755
4.91513    -0.366058
4.92091    -0.364945
4.92669    -0.36388
4.93247    -0.364964
4.93826    -0.364463
4.94404    -0.36291
4.94982    -0.364479
4.9556    -0.363788
4.96139    -0.36482
4.96717    -0.363831
4.97295    -0.362651
4.97873    -0.364347
4.98452    -0.363198
4.9903    -0.361747
4.99608    -0.363285
5.00186    -0.362612
5.00764    -0.36053
5.01343    -0.36278
5.01921    -0.361676
5.02499    -0.363079
5.03077    -0.361953
5.03656    -0.360672
5.04234    -0.362366
5.04812    -0.36136
5.0539    -0.360004
5.05969    -0.36154
5.06547    -0.360811
5.07125    -0.361825
5.07703    -0.360839
5.08281    -0.359783
5.0886    -0.361107
5.09438    -0.360117
5.10016    -0.358927
5.10594    -0.360586
5.11173    -0.359657
5.11751    -0.360584
5.12329    -0.359625
5.12907    -0.359067
5.13486    -0.360117
5.14064    -0.358984
5.14642    -0.357731
5.1522    -0.359368
5.15798    -0.358312
5.16377    -0.359503
5.16955    -0.358487
5.17533    -0.357819
5.18111    -0.358832
5.1869    -0.357633
5.19268    -0.356464
5.19846    -0.358115
5.20424    -0.357072
5.21003    -0.355851
5.21581    -0.357457
5.22159    -0.356616
5.22737    -0.357743
5.23315    -0.356664
5.23894    -0.355821
5.24472    -0.357131
5.2505    -0.355973
5.25628    -0.354608
5.26207    -0.356298
5.26785    -0.355368
5.27363    -0.356514
5.27941    -0.355504
5.2852    -0.35461
5.29098    -0.35597
5.29676    -0.354722
5.30254    -0.353873
5.30832    -0.355
5.31411    -0.35394
5.31989    -0.355548
5.32567    -0.35406
5.33145    -0.353373
5.33724    -0.354564
5.34302    -0.353425
5.3488    -0.35247
5.35458    -0.353818
5.36037    -0.352842
5.36615    -0.351919
5.37193    -0.35291
5.37771    -0.351969
5.38349    -0.353178
5.38928    -0.352011
5.39506    -0.351268
5.40084    -0.352385
5.40662    -0.351498
5.41241    -0.350448
5.41819    -0.351565
5.42397    -0.350703
5.42975    -0.352588
5.43554    -0.350637
5.44132    -0.349828
5.4471    -0.350982
5.45288    -0.350216
5.45866    -0.34913
5.46445    -0.350403
5.47023    -0.34926
5.47601    -0.35157
5.48179    -0.349494
5.48758    -0.348553
5.49336    -0.350187
5.49914    -0.348667
5.50492    -0.347868
5.51071    -0.348968
5.51649    -0.34792
5.52227    -0.347198
5.52805    -0.348159
5.53383    -0.347147
5.53962    -0.349154
5.5454    -0.347261
5.55118    -0.34646
5.55696    -0.347987
5.56275    -0.346521
5.56853    -0.345763
5.57431    -0.347003
5.58009    -0.345856
5.58588    -0.344797
5.59166    -0.346235
5.59744    -0.345195
5.60322    -0.346955
5.609    -0.34526
5.61479    -0.344502
5.62057    -0.34556
5.62635    -0.344562
5.63213    -0.343787
5.63792    -0.345026
5.6437    -0.343846
5.64948    -0.34248
5.65526    -0.343828
5.66105    -0.343066
5.66683    -0.344763
5.67261    -0.34321
5.67839    -0.342472
5.68417    -0.343616
5.68996    -0.342438
5.69574    -0.34126
5.70152    -0.342741
5.7073    -0.341853
5.71309    -0.340463
5.71887    -0.341834
5.72465    -0.341064
5.73043    -0.342191
5.73622    -0.340835
5.742    -0.34042
5.74778    -0.34134
5.75356    -0.340428
5.75934    -0.33905
5.76513    -0.340298
5.77091    -0.339613
5.77669    -0.337722
5.78247    -0.339535
5.78826    -0.338959
5.79404    -0.339919
5.79982    -0.338894
5.8056    -0.337835
5.81139    -0.339355
5.81717    -0.338384
5.82295    -0.337031
5.82873    -0.338263
5.83451    -0.337531
5.8403    -0.338489
5.84608    -0.337453
5.85186    -0.336812
5.85764    -0.337898
5.86343    -0.336891
5.86921    -0.335533
5.87499    -0.337056
5.88077    -0.336065
5.88656    -0.337164
5.89234    -0.335955
5.89812    -0.335159
5.9039    -0.336245
5.90968    -0.335249
5.91547    -0.334082
5.92125    -0.33545
5.92703    -0.33454
5.93281    -0.333011
5.9386    -0.33466
5.94438    -0.333555
5.95016    -0.334514
5.95594    -0.333471
5.96173    -0.332796
5.96751    -0.33377
5.97329    -0.332811
5.97907    -0.331568
5.98486    -0.332999
5.99064    -0.331917
5.99642    -0.333011
6.0022    -0.33195
6.00798    -0.331104
6.01377    -0.332176
6.01955    -0.331043
6.02533    -0.330481
6.03111    -0.331214
6.0369    -0.33045
6.04268    -0.332009
6.04846    -0.330165
6.05424    -0.329565
6.06003    -0.330548
6.06581    -0.329364
6.07159    -0.328803
6.07737    -0.329313
6.08315    -0.328754
6.08894    -0.327511
6.09472    -0.328681
6.1005    -0.32786
6.10628    -0.328792
6.11207    -0.327887
6.11785    -0.327253
6.12363    -0.328058
6.12941    -0.327024
6.1352    -0.326478
6.14098    -0.327116
6.14676    -0.326421
6.15254    -0.327807
6.15832    -0.326317
6.16411    -0.325629
6.16989    -0.326468
6.17567    -0.32567
6.18145    -0.32504
6.18724    -0.325531
6.19302    -0.324824
6.1988    -0.323669
6.20458    -0.32485
6.21037    -0.324122
6.21615    -0.325335
6.22193    -0.324091
6.22771    -0.323536
6.23349    -0.324276
6.23928    -0.323357
6.24506    -0.322263
6.25084    -0.323365
6.25662    -0.322539
6.26241    -0.324494
6.26819    -0.322644
6.27397    -0.321889
6.27975    -0.322669
6.28554    -0.321785
6.29132    -0.32069
6.2971    -0.321812
6.30288    -0.32096
6.30866    -0.31987
6.31445    -0.321162
6.32023    -0.320159
6.32601    -0.32174
6.33179    -0.320227
6.33758    -0.31913
6.34336    -0.32022
6.34914    -0.319322
6.35492    -0.31825
6.36071    -0.319352
6.36649    -0.318586
6.37227    -0.320232
6.37805    -0.318868
6.38383    -0.317945
6.38962    -0.318944
6.3954    -0.318095
6.40118    -0.316684
6.40696    -0.317859
6.41275    -0.317126
6.41853    -0.315866
6.42431    -0.317277
6.43009    -0.316467
6.43588    -0.317513
6.44166    -0.316388
6.44744    -0.315315
6.45322    -0.316223
6.459    -0.315584
6.46479    -0.314305
6.47057    -0.315424
6.47635    -0.314583
6.48213    -0.312898
6.48792    -0.31449
6.4937    -0.31337
6.49948    -0.314941
6.50526    -0.313734
6.51105    -0.312352
6.51683    -0.313463
6.52261    -0.31275
6.52839    -0.311366
6.53417    -0.312649
6.53996    -0.311818
6.54574    -0.309982
6.55152    -0.311579
6.5573    -0.310608
6.56309    -0.311484
6.56887    -0.31076
6.57465    -0.309408
6.58043    -0.3106
6.58622    -0.309971
6.592    -0.308037
6.59778    -0.309653
6.60356    -0.30864
6.60934    -0.310074
6.61513    -0.308878
6.62091    -0.30762
6.62669    -0.308579
6.63247    -0.30799
6.63826    -0.308967
6.64404    -0.307833
6.64982    -0.30721
6.6556    -0.308318
6.66139    -0.306899
6.66717    -0.30566
6.67295    -0.307
6.67873    -0.306101
6.68451    -0.30459
6.6903    -0.305955
6.69608    -0.305234
6.70186    -0.306201
6.70764    -0.304836
6.71343    -0.304022
6.71921    -0.305338
6.72499    -0.304171
6.73077    -0.30278
6.73656    -0.304093
6.74234    -0.303383
6.74812    -0.304229
6.7539    -0.30299
6.75969    -0.302472
6.76547    -0.303416
6.77125    -0.302154
6.77703    -0.301103
6.78281    -0.302559
6.7886    -0.301368
6.79438    -0.302846
6.80016    -0.301109
6.80594    -0.300589
6.81173    -0.30144
6.81751    -0.30022
6.82329    -0.299315
6.82907    -0.300304
6.83486    -0.299523
6.84064    -0.297766
6.84642    -0.299451
6.8522    -0.298497
6.85798    -0.299648
6.86377    -0.298241
6.86955    -0.29752
6.87533    -0.298431
6.88111    -0.297412
6.8869    -0.296115
6.89268    -0.297608
6.89846    -0.296375
6.90424    -0.29739
6.91003    -0.296669
6.91581    -0.295721
6.92159    -0.296853
6.92737    -0.295333
6.93315    -0.294846
6.93894    -0.295638
6.94472    -0.294381
6.9505    -0.293132
6.95628    -0.294665
6.96207    -0.293693
6.96785    -0.294602
6.97363    -0.293677
6.97941    -0.292591
6.9852    -0.293684
6.99098    -0.292412
6.99676    -0.291833
7.00254    -0.292719
7.00832    -0.291462
7.01411    -0.292821
7.01989    -0.291773
7.02567    -0.290647
7.03145    -0.291763
7.03724    -0.290501
7.04302    -0.289911
7.0488    -0.29065
7.05458    -0.289653
7.06037    -0.291503
7.06615    -0.289151
7.07193    -0.288258
7.07771    -0.289323
7.08349    -0.288307
7.08928    -0.286892
7.09506    -0.288378
7.10084    -0.28692
7.10662    -0.286223
7.11241    -0.286719
7.11819    -0.286063
7.12397    -0.287658
7.12975    -0.285601
7.13554    -0.284718
7.14132    -0.285684
7.1471    -0.284639
7.15288    -0.283518
7.15866    -0.284679
7.16445    -0.283823
7.17023    -0.28587
7.17601    -0.283337
7.18179    -0.282508
7.18758    -0.283539
7.19336    -0.282239
7.19914    -0.280925
7.20492    -0.282436
7.21071    -0.281304
7.21649    -0.280146
7.22227    -0.281008
7.22805    -0.280172
7.23383    -0.282073
7.23962    -0.279838
7.2454    -0.278512
7.25118    -0.280158
7.25696    -0.278887
7.26275    -0.277791
7.26853    -0.278736
7.27431    -0.277931
7.28009    -0.276632
7.28588    -0.277532
7.29166    -0.276662
7.29744    -0.278154
7.30322    -0.276317
7.30901    -0.274691
7.31479    -0.276689
7.32057    -0.275407
7.32635    -0.273631
7.33213    -0.274939
7.33792    -0.273716
7.3437    -0.27249
7.34948    -0.273323
7.35526    -0.272258
7.36105    -0.274038
7.36683    -0.272007
7.37261    -0.271029
7.37839    -0.272566
7.38418    -0.271425
7.38996    -0.269426
7.39574    -0.271
7.40152    -0.270196
7.4073    -0.26815
7.41309    -0.269107
7.41887    -0.267937
7.42465    -0.27008
7.43043    -0.268308
7.43622    -0.266583
7.442    -0.268195
7.44778    -0.266656
7.45356    -0.265451
7.45935    -0.266495
7.46513    -0.264882
7.47091    -0.26372
7.47669    -0.265144
7.48247    -0.263948
7.48826    -0.265342
7.49404    -0.264203
7.49982    -0.262842
7.5056    -0.263658
7.51139    -0.262571
7.51717    -0.260741
7.52295    -0.262132
7.52873    -0.261409
7.53451    -0.262629
7.54029    -0.260831
7.54607    -0.259319
7.55185    -0.261362
7.55764    -0.259237
7.56342    -0.258023
7.5692    -0.259018
7.57498    -0.258051
7.58076    -0.256719
7.58654    -0.258201
7.59231    -0.2572
7.59809    -0.258727
7.60386    -0.256986
7.60964    -0.254984
7.61542    -0.256043
7.62119    -0.255068
7.62697    -0.25341
7.63274    -0.254888
7.63852    -0.253033
7.6443    -0.255118
7.65007    -0.252677
7.65585    -0.251343
7.66162    -0.253534
7.6674    -0.251348
7.67318    -0.253002
7.67895    -0.251437
7.68473    -0.249907
7.69051    -0.251534
7.69628    -0.252681
7.70206    -0.248229
7.70783    -0.249943
7.71361    -0.248649
7.71939    -0.249793
7.72516    -0.24819
7.73094    -0.250135
7.73672    -0.248062
7.74249    -0.249442
7.74827    -0.247899
7.75405    -0.246809
7.75982    -0.247462
7.7656    -0.243426
7.77138    -0.245125
7.77715    -0.243034
7.78293    -0.244715
7.7887    -0.243109
7.79448    -0.244428
7.80026    -0.243187
7.80603    -0.244807
7.81182    -0.23969
7.8176    -0.241816
7.82338    -0.243018
7.82916    -0.241255
7.83495    -0.239869
7.84073    -0.241535
7.84651    -0.239864
7.85229    -0.24158
7.85807    -0.239468
7.86386    -0.238342
7.86964    -0.239187
7.87542    -0.237676
7.8812    -0.23684
7.88699    -0.237488
7.89277    -0.236114
7.89855    -0.234656
7.90433    -0.235432
7.91011    -0.234448
7.9159    -0.23505
7.92168    -0.233744
7.92746    -0.232535
7.93324    -0.233639
7.93903    -0.231976
7.94481    -0.230785
7.95059    -0.232146
7.95637    -0.230057
7.96216    -0.231342
7.96794    -0.230084
7.97372    -0.228541
7.9795    -0.229054
7.98528    -0.224937
7.99107    -0.226918
7.99685    -0.227391
8.00263    -0.225912
8.00841    -0.224544
8.0142    -0.225676
8.01998    -0.22425
8.02576    -0.225725
8.03154    -0.223568
8.03732    -0.222649
8.04311    -0.223887
8.04889    -0.22177
8.05467    -0.220841
8.06045    -0.222206
8.06624    -0.220112
8.07202    -0.221796
8.0778    -0.219908
8.08358    -0.218506
8.08937    -0.219277
8.09515    -0.21777
8.10093    -0.216851
8.10671    -0.217647
8.11249    -0.216215
8.11828    -0.21476
8.12406    -0.216012
8.12984    -0.214351
8.13562    -0.212493
8.14141    -0.213665
8.14719    -0.212193
8.15297    -0.212547
8.15875    -0.211519
8.16453    -0.210042
8.17032    -0.210897
8.1761    -0.208931
8.18188    -0.207134
8.18766    -0.208748
8.19345    -0.206853
8.19923    -0.207239
8.20501    -0.202869
8.21079    -0.204899
8.21657    -0.205171
8.22236    -0.203663
8.22814    -0.202498
8.23392    -0.203625
8.2397    -0.201608
8.24549    -0.202804
8.25127    -0.200843
8.25705    -0.199336
8.26283    -0.200406
8.26862    -0.19829
8.2744    -0.196927
8.28018    -0.197364
8.28596    -0.195743
8.29174    -0.19412
8.29753    -0.195126
8.30331    -0.193343
8.30909    -0.194405
8.31487    -0.192257
8.32066    -0.190941
8.32644    -0.191378
8.33222    -0.18976
8.338    -0.188679
8.34378    -0.189133
8.34957    -0.187356
8.35535    -0.185553
8.36113    -0.186973
8.36691    -0.184951
8.3727    -0.185372
8.37848    -0.183896
8.38426    -0.182373
8.39004    -0.182802
8.39582    -0.180746
8.40161    -0.17885
8.40739    -0.179755
8.41317    -0.177726
8.41895    -0.178457
8.42474    -0.176361
8.43052    -0.174707
8.4363    -0.175274
8.44208    -0.173216
8.44787    -0.171738
8.45365    -0.172225
8.45943    -0.170192
8.46521    -0.171358
8.47099    -0.169015
8.47678    -0.167191
8.48256    -0.167885
8.48834    -0.165835
8.49412    -0.164031
8.49991    -0.164109
8.50569    -0.16233
8.51147    -0.160818
8.51725    -0.160804
8.52303    -0.15895
8.52882    -0.159741
8.5346    -0.157453
8.54038    -0.155651
8.54616    -0.155727
8.55195    -0.153925
8.55773    -0.152417
8.56351    -0.152769
8.56929    -0.150547
8.57507    -0.148278
8.58086    -0.149868
8.58664    -0.147167
8.59242    -0.147291
8.5982    -0.145641
8.60399    -0.143561
8.60977    -0.143938
8.61555    -0.141282
8.62133    -0.13922
8.62712    -0.139339
8.6329    -0.137118
8.63868    -0.137838
8.64446    -0.135151
8.65024    -0.132912
8.65603    -0.133679
8.66181    -0.130929
8.66759    -0.128721
8.67337    -0.129026
8.67916    -0.126619
8.68494    -0.124511
8.69072    -0.124632
8.6965    -0.122407
8.70228    -0.12274
8.70807    -0.120201
8.71385    -0.117783
8.71963    -0.117894
8.72541    -0.115475
8.7312    -0.113286
8.73698    -0.11328
8.74276    -0.110835
8.74854    -0.108564
8.75432    -0.108501
8.76011    -0.106076
8.76589    -0.103007
8.77167    -0.103626
8.77745    -0.101162
8.78324    -0.101568
8.78902    -0.0987158
8.7948    -0.0962824
8.80058    -0.0962331
8.80637    -0.0933694
8.81215    -0.0933567
8.81793    -0.0904898
8.82371    -0.0875847
8.82949    -0.0875772
8.83528    -0.0846952
8.84106    -0.0818535
8.84684    -0.0817866
8.85262    -0.0789262
8.85841    -0.079099
8.86419    -0.0760626
8.86997    -0.0731449
8.87575    -0.0733309
8.88153    -0.0702622
8.88732    -0.0674158
8.8931    -0.0673504
8.89888    -0.0642864
8.90466    -0.0612431
8.91045    -0.0612112
8.91623    -0.0581165
8.92201    -0.0580894
8.92779    -0.0550368
8.93358    -0.0519763
8.93936    -0.0519175
8.94514    -0.0488477
8.95092    -0.0457941
8.95671    -0.0457856
8.96249    -0.0426659
8.96827    -0.0396237
8.97405    -0.0396064
8.97983    -0.0365519
8.98562    -0.0364809
9.00855    -0.0363793
9.03148    -0.0362831
9.05442    -0.036216
9.07735    -0.0361224
9.10028    -0.0360622
9.12321    -0.0359748
9.14615    -0.0359036
9.16908    -0.0358137
9.19201    -0.0357345
9.21495    -0.035656
9.23788    -0.0355805
9.26081    -0.035496
9.28375    -0.0354079
9.30668    -0.0353243
9.32961    -0.0352474
9.35255    -0.0351777
9.37548    -0.0350777
9.39842    -0.0350051
9.42135    -0.0349179
9.44429    -0.0348447
9.46722    -0.0347698
9.49015    -0.0346758
9.51308    -0.034604
9.53602    -0.0345153
9.55895    -0.0344379
9.58188    -0.0343647
9.60481    -0.0342744
9.62775    -0.0342001
9.65068    -0.0341121
9.67361    -0.034036
9.69655    -0.0339503
9.71948    -0.0338637
9.74241    -0.0337836
9.76535    -0.033701
9.78828    -0.0336099
9.81121    -0.0335373
9.83414    -0.0334399
9.85708    -0.0333555
9.88001    -0.0332819
9.90294    -0.033194
9.92588    -0.0331211
9.94881    -0.0330348
9.97174    -0.0329464
9.99468    -0.0328737
10.0176    -0.0327883
10.0405    -0.0327037
10.0635    -0.0326267
10.0864    -0.0325399
10.1093    -0.0324561
10.1323    -0.0323685
10.1552    -0.0322903
10.1781    -0.0322056
10.2011    -0.032118
10.224    -0.032031
10.2469    -0.0319466
10.2699    -0.0318527
10.2928    -0.0317761
10.3157    -0.031688
10.3387    -0.0316083
10.3616    -0.0315197
10.3845    -0.0314348
10.4075    -0.0313478
10.4304    -0.0312739
10.4533    -0.0311775
10.4763    -0.0310973
10.4992    -0.0310149
10.5221    -0.0309558
10.5451    -0.0308926
10.568    -0.0308284
10.5909    -0.030766
10.6139    -0.030705
10.6368    -0.0306376
10.6597    -0.0305712
10.6827    -0.0305031
10.7056    -0.0304403
10.7285    -0.030375
10.7515    -0.0303135
10.7744    -0.0302516
10.7973    -0.0301863
10.8203    -0.0301176
10.8432    -0.0300434
10.8661    -0.0299811
10.8891    -0.0299117
10.912    -0.0298537
10.9349    -0.0297875
10.9579    -0.0297244
10.9808    -0.0296595
11.0037    -0.0295924
11.0267    -0.0295332
11.0496    -0.0294591
11.0725    -0.0293984
11.0954    -0.0293334
11.1184    -0.0292686
11.1413    -0.0292069
11.1642    -0.0291484
11.1872    -0.0290767
11.2101    -0.0290185
11.233    -0.0289467
11.256    -0.0288847
11.2789    -0.0288208
11.3018    -0.0287632
11.3248    -0.0286946
11.3477    -0.0286324
11.3706    -0.028565
11.3936    -0.028554
11.4165    -0.0284422
11.4394    -0.0283751
11.4624    -0.0283013
11.4853    -0.0282461
11.5082    -0.0281825
11.5312    -0.0281638
11.5541    -0.0280924
11.577    -0.0280264
11.6    -0.0279718
11.6229    -0.0279036
11.6458    -0.0278411
11.6687    -0.027774
11.6917    -0.0277117
11.7146    -0.0276498
11.7375    -0.0275759
11.7605    -0.0275121
11.7834    -0.0274486
11.8063    -0.0273869
11.8293    -0.0273137
11.8522    -0.0272506
11.8751    -0.0271857
11.8981    -0.0271236
11.921    -0.0270498
11.9439    -0.0269951
11.9669    -0.0269267
11.9898    -0.0268664
12.0127    -0.0267875
12.0357    -0.0267305
12.0586    -0.0266611
12.0815    -0.0265914
12.1045    -0.0265256
12.1274    -0.0264643
12.1503    -0.0263893
12.1733    -0.0263304
12.1962    -0.0262581
12.2191    -0.0261967
12.2421    -0.0260812
12.265    -0.0260614
12.2879    -0.0259469
12.3109    -0.0259269
12.3338    -0.025817
12.3567    -0.0257484
12.3796    -0.0256777
12.4026    -0.0256087
12.4255    -0.0255441
12.4484    -0.0254796
12.4714    -0.025461
12.4943    -0.0253523
12.5172    -0.0252816
12.5402    -0.0252181
12.5631    -0.0251506
12.586    -0.0250825
12.609    -0.0250216
12.6319    -0.0249513
12.6548    -0.0248879
12.6778    -0.024815
12.7007    -0.0247475
12.7236    -0.0247267
12.7466    -0.0246083
12.7695    -0.0245408
12.7924    -0.0245204
12.8154    -0.0243961
12.8383    -0.024324
12.8612    -0.0242621
12.8842    -0.02424
12.9071    -0.0241243
12.93    -0.0240546
12.953    -0.023982
12.9759    -0.0239191
12.9988    -0.0238525
13.0218    -0.023826
13.0447    -0.0237156
13.0676    -0.0236897
13.0906    -0.0235649
13.1135    -0.023503
13.1364    -0.0234279
13.1594    -0.023356
13.1823    -0.0232898
13.2052    -0.0232281
13.2282    -0.0231497
13.2511    -0.0230798
13.274    -0.0230132
13.297    -0.0229351
13.3199    -0.0229259
13.3428    -0.0228457
13.3658    -0.022778
13.3887    -0.0226588
13.4116    -0.0226284
13.4346    -0.0225217
13.4575    -0.0224537
13.4804    -0.0224139
13.5034    -0.0223513
13.5263    -0.022347
13.5492    -0.0222394
13.5722    -0.022188
13.5951    -0.0221334
13.618    -0.0220771
13.6409    -0.0220737
13.6639    -0.0220175
13.6868    -0.021967
13.7097    -0.0218628
13.7327    -0.0218109
13.7556    -0.021803
13.7785    -0.0217482
13.8015    -0.0216874
13.8244    -0.0215858
13.8473    -0.021579
13.8703    -0.0215243
13.8932    -0.0214236
13.9161    -0.0213681
13.9391    -0.021314
13.962    -0.0212587
13.9849    -0.0212065
14.0079    -0.0211972
14.0308    -0.0211427
14.0537    -0.0210423
14.0767    -0.0210389
14.0996    -0.0209849
14.1225    -0.0208824
14.1455    -0.0208284
14.1684    -0.0207733
14.1913    -0.0207184
14.2143    -0.0206602
14.2372    -0.0206053
14.2601    -0.0205503
14.2831    -0.0204956
14.306    -0.0204428
14.3289    -0.0203878
14.3518    -0.0203327
14.3748    -0.0202779
14.3977    -0.0202257
14.4206    -0.0201681
14.4436    -0.0201105
14.4665    -0.0200576
14.4894    -0.0200033
14.5124    -0.0199459
14.5353    -0.0198916
14.5582    -0.0198373
14.5812    -0.0197793
14.6041    -0.0197193
14.627    -0.0196644
14.65    -0.0196086
14.6729    -0.0195532
14.6958    -0.0194921
14.7188    -0.0194398
14.7417    -0.0193815
14.7646    -0.0193295
14.7876    -0.0192697
14.8105    -0.0192145
14.8334    -0.0191594
14.8564    -0.0191047
14.8793    -0.0190489
14.9022    -0.0189939
14.9252    -0.0189396
14.9481    -0.0188794
14.971    -0.0188244
14.994    -0.0187698
15.0169    -0.0187148
15.0398    -0.0186521
15.0627    -0.0185966
15.0857    -0.0185384
15.1086    -0.0184831
15.1315    -0.0184248
15.1545    -0.0183667
15.1774    -0.0183112
15.2003    -0.0182505
15.2233    -0.0182004
15.2462    -0.0181484
15.2691    -0.0180883
15.2921    -0.0180358
15.315    -0.0179754
15.3379    -0.0179229
15.3609    -0.0178678
15.3838    -0.0178131
15.4067    -0.0177582
15.4297    -0.0177008
15.4526    -0.0175969
15.4755    -0.017545
15.4985    -0.0175359
15.5214    -0.0174812
15.5443    -0.0174207
15.5673    -0.0173148
15.5902    -0.0172603
15.6131    -0.0172539
15.6361    -0.017146
15.659    -0.0171407
15.6819    -0.0170815
15.7048    -0.0170276
15.7278    -0.0169684
15.7507    -0.0169091
15.7736    -0.0168571
15.7966    -0.016798
15.8195    -0.0167413
15.8424    -0.0166871
15.8654    -0.0166298
15.8883    -0.0165706
15.9112    -0.0165167
15.9342    -0.0164594
15.9571    -0.0163516
15.98    -0.016346
16.003    -0.0162405
16.0259    -0.0161809
16.0488    -0.0161696
16.0718    -0.0161125
16.0947    -0.0160632
16.1176    -0.015955
16.1406    -0.0158952
16.1635    -0.0158356
16.1864    -0.0157777
16.2094    -0.0157175
16.2323    -0.0156589
16.2552    -0.015601
16.2782    -0.0155454
16.3011    -0.0154873
16.324    -0.0154287
16.3469    -0.0153701
16.3699    -0.0153144
16.3928    -0.015264
16.4157    -0.0152138
16.4387    -0.0151608
16.4616    -0.0151103
16.4845    -0.0150599
16.5075    -0.0150124
16.5304    -0.0149596
16.5533    -0.0149097
16.5763    -0.0148595
16.5992    -0.0148093
16.6221    -0.0147585
16.6451    -0.0147056
16.668    -0.0146555
16.6909    -0.0146044
16.7139    -0.0145534
16.7368    -0.0145026
16.7597    -0.0144516
16.7827    -0.0144014
16.8056    -0.0143504
16.8285    -0.0142972
16.8515    -0.0142462
16.8744    -0.0141957
16.8973    -0.0141477
16.9202    -0.0140951
16.9432    -0.0139956
16.9661    -0.0139448
16.989    -0.0139431
17.012    -0.0138442
17.0349    -0.0138392
17.0578    -0.0137404
17.0808    -0.0136896
17.1037    -0.0136874
17.1266    -0.0136369
17.1496    -0.0135386
17.1725    -0.0134881
17.1954    -0.0134381
17.2184    -0.0133879
17.2413    -0.0133344
17.2642    -0.0133327
17.2872    -0.0132335
17.3101    -0.0131853
17.333    -0.0131812
17.356    -0.0130825
17.3789    -0.0130321
17.4018    -0.0129788
17.4248    -0.0129286
17.4477    -0.0129266
17.4706    -0.0128732
17.4935    -0.0127745
17.5165    -0.0127238
17.5394    -0.012673
17.5623    -0.0126193
17.5853    -0.0125691
17.6082    -0.0125183
17.6311    -0.0124682
17.6541    -0.0124148
17.677    -0.0123673
17.6999    -0.0123143
17.7229    -0.0122632
17.7458    -0.0122095
17.7687    -0.0121587
17.7917    -0.0121081
17.8146    -0.0120091
17.8375    -0.0120044
17.8605    -0.0119052
17.8834    -0.0118545
17.9063    -0.0118038
17.9293    -0.0117505
17.9522    -0.0117483
17.9751    -0.0116492
17.9981    -0.0115959
18.021    -0.0115454
18.0439    -0.0114921
18.0669    -0.0114416
18.0898    -0.0113913
18.1127    -0.0113381
18.1356    -0.0112876
18.1586    -0.0112373
18.1815    -0.0111844
18.2044    -0.011134
18.2274    -0.0110811
18.2503    -0.0110306
18.2732    -0.0109776
18.2962    -0.0109273
18.3191    -0.0108259
18.342    -0.0108237
18.365    -0.0107734
18.3879    -0.0107228
18.4108    -0.0106214
18.4338    -0.0106167
18.4567    -0.0105662
18.4796    -0.0104647
18.5026    -0.0104143
18.5255    -0.010361
18.5484    -0.0103079
18.5714    -0.0102575
18.5943    -0.0102042
18.6172    -0.0101508
18.6402    -0.0101001
18.6631    -0.0100467
18.686    -0.00999601
18.709    -0.00994285
18.7319    -0.00988948
18.7548    -0.00983893
18.7777    -0.00973972
18.8007    -0.00968388
18.8236    -0.00968144
18.8465    -0.00962801
18.8695    -0.00952632
18.8924    -0.00947549
18.9153    -0.0094246
18.9383    -0.00936873
18.9612    -0.00936358
18.9841    -0.00926191
19.0071    -0.00921117
19.03    -0.00915789
19.0529    -0.00910427
19.0759    -0.00905098
19.0988    -0.00899735
19.1217    -0.00894404
19.1447    -0.00884197
19.1676    -0.00879104
19.1905    -0.00874028
19.2135    -0.00868713
19.2364    -0.00863103
19.2593    -0.00858025
19.2823    -0.00852413
19.3052    -0.00842726
19.3283    -0.00837883
19.3514    -0.0083304
19.3745    -0.00828197
19.3976    -0.00823353
19.4207    -0.0081851
19.4438    -0.00813667
19.4669    -0.00808823
19.49    -0.00803981
19.5132    -0.00799137
19.5363    -0.00789451
19.5594    -0.00789451
19.5825    -0.00779765
19.6056    -0.00774921
19.6287    -0.00770078
19.6518    -0.00765235
19.6749    -0.00755548
19.698    -0.00750705
19.7211    -0.00745862
19.7442    -0.00745862
19.7673    -0.00736175
19.7904    -0.00731332
19.8135    -0.00726489
19.8366    -0.00721646
19.8597    -0.00711959
19.8828    -0.00707116
19.9059    -0.00707116
19.929    -0.00702273
19.9521    -0.00692586
19.9753    -0.00687743
19.9984    -0.006829
20.0215    -0.00678056
20.0446    -0.0066837
20.0677    -0.0066837
20.0908    -0.00658683
20.1139    -0.0065384
20.137    -0.00648997
20.1601    -0.00644153
20.1832    -0.0063931
20.2063    -0.00634467
20.2294    -0.00629623
20.2525    -0.00624781
20.2756    -0.00615094
20.2987    -0.00610251
20.3218    -0.00605408
20.3449    -0.00595721
20.368    -0.00590878
20.3911    -0.00586034
20.4143    -0.00581191
20.4374    -0.00571504
20.4605    -0.00566661
20.4836    -0.00561818
20.5067    -0.00556974
20.5298    -0.00547288
20.5529    -0.00542445
20.576    -0.00537601
20.5991    -0.00532758
20.6222    -0.00523071
20.6453    -0.00518228
20.6684    -0.00513385
20.6915    -0.00503698
20.7146    -0.00503698
20.7377    -0.00494012
20.7608    -0.00489168
20.7839    -0.00479482
20.807    -0.00474639
20.8301    -0.00469795
20.8533    -0.00464952
20.8764    -0.00455265
20.8995    -0.00450422
20.9226    -0.00440735
20.9457    -0.00435892
20.9688    -0.00431049
20.9919    -0.00421362
21.015    -0.00416519
21.0381    -0.00406832
21.0612    -0.00401989
21.0843    -0.00397146
21.1074    -0.0038746
21.1305    -0.00382616
21.1536    -0.0037293
21.1767    -0.00368087
21.1998    -0.003584
21.2229    -0.003584
21.246    -0.00348714
21.2691    -0.00339027
21.2922    -0.00334184
21.3154    -0.00329341
21.3385    -0.00319655
21.3616    -0.00309969
21.3847    -0.00305126
21.4078    -0.00295439
21.4309    -0.00290596
21.454    -0.00280909
21.4771    -0.00271223
21.5002    -0.00266379
21.5233    -0.00256693
21.5464    -0.00247006
21.5695    -0.00242163
21.5926    -0.00232476
21.6157    -0.00227633
21.6388    -0.00217947
21.6619    -0.0020826
21.685    -0.00198574
21.7081    -0.0019373
21.7312    -0.00184044
21.7544    -0.00174357
21.7775    -0.00169514
21.8006    -0.00159827
21.8237    -0.00150141
21.8468    -0.00145298
21.8699    -0.00135611
21.893    -0.00125924
21.9161    -0.00116238
21.9392    -0.00111395
21.9623    -0.000968647
21.9854    -0.000920214
22.0085    -0.000823349
22.0316    -0.000726483
22.0547    -0.000629621
22.0778    -0.000532755
22.1009    -0.000484322
22.124    -0.000387458
22.1471    -0.00024216
22.1702    -0.000193727
22.1933    -0.000145295
