TIME[ns],     Itot[uA],      Ie[uA],     Ih[uA],      Ieg[uA],      Ihg[uA] 
0.000000E+00    -1.470387E+00   -9.308561E-01    -5.395313E-01   0.000000E+00   0.000000E+00 
1.000000E-02    -1.469673E+00   -9.309525E-01    -5.387202E-01   0.000000E+00   0.000000E+00 
2.000000E-02    -1.466893E+00   -9.292385E-01    -5.376547E-01   0.000000E+00   0.000000E+00 
3.000000E-02    -1.463466E+00   -9.266208E-01    -5.368451E-01   0.000000E+00   0.000000E+00 
4.000000E-02    -1.459781E+00   -9.240021E-01    -5.357794E-01   0.000000E+00   0.000000E+00 
5.000000E-02    -1.456354E+00   -9.213840E-01    -5.349701E-01   0.000000E+00   0.000000E+00 
6.000000E-02    -1.452670E+00   -9.187655E-01    -5.339047E-01   0.000000E+00   0.000000E+00 
7.000000E-02    -1.449243E+00   -9.161468E-01    -5.330961E-01   0.000000E+00   0.000000E+00 
8.000000E-02    -1.446269E+00   -9.139812E-01    -5.322879E-01   0.000000E+00   0.000000E+00 
9.000000E-02    -1.442585E+00   -9.113625E-01    -5.312229E-01   0.000000E+00   0.000000E+00 
1.000000E-01    -1.439159E+00   -9.087443E-01    -5.304147E-01   0.000000E+00   0.000000E+00 
1.100000E-01    -1.435476E+00   -9.061255E-01    -5.293501E-01   0.000000E+00   0.000000E+00 
1.200000E-01    -1.432050E+00   -9.035069E-01    -5.285428E-01   0.000000E+00   0.000000E+00 
1.300000E-01    -1.428367E+00   -9.008882E-01    -5.274785E-01   0.000000E+00   0.000000E+00 
1.400000E-01    -1.424941E+00   -8.982697E-01    -5.266712E-01   0.000000E+00   0.000000E+00 
1.500000E-01    -1.421516E+00   -8.956513E-01    -5.258642E-01   0.000000E+00   0.000000E+00 
1.600000E-01    -1.417834E+00   -8.930328E-01    -5.248010E-01   0.000000E+00   0.000000E+00 
1.700000E-01    -1.414861E+00   -8.908664E-01    -5.239943E-01   0.000000E+00   0.000000E+00 
1.800000E-01    -1.411179E+00   -8.882479E-01    -5.229316E-01   0.000000E+00   0.000000E+00 
1.900000E-01    -1.407754E+00   -8.856290E-01    -5.221255E-01   0.000000E+00   0.000000E+00 
2.000000E-01    -1.404074E+00   -8.830106E-01    -5.210632E-01   0.000000E+00   0.000000E+00 
2.100000E-01    -1.400649E+00   -8.803916E-01    -5.202576E-01   0.000000E+00   0.000000E+00 
2.200000E-01    -1.396968E+00   -8.777725E-01    -5.191958E-01   0.000000E+00   0.000000E+00 
2.300000E-01    -1.393545E+00   -8.751541E-01    -5.183907E-01   0.000000E+00   0.000000E+00 
2.400000E-01    -1.390121E+00   -8.725348E-01    -5.175863E-01   0.000000E+00   0.000000E+00 
2.500000E-01    -1.386441E+00   -8.699157E-01    -5.165253E-01   0.000000E+00   0.000000E+00 
2.600000E-01    -1.383470E+00   -8.677496E-01    -5.157209E-01   0.000000E+00   0.000000E+00 
2.700000E-01    -1.379791E+00   -8.651305E-01    -5.146605E-01   0.000000E+00   0.000000E+00 
2.800000E-01    -1.376368E+00   -8.625115E-01    -5.138567E-01   0.000000E+00   0.000000E+00 
2.900000E-01    -1.372689E+00   -8.598920E-01    -5.127968E-01   0.000000E+00   0.000000E+00 
3.000000E-01    -1.369267E+00   -8.572729E-01    -5.119937E-01   0.000000E+00   0.000000E+00 
3.100000E-01    -1.365845E+00   -8.546539E-01    -5.111911E-01   0.000000E+00   0.000000E+00 
3.200000E-01    -1.362166E+00   -8.520346E-01    -5.101317E-01   0.000000E+00   0.000000E+00 
3.300000E-01    -1.358745E+00   -8.494153E-01    -5.093298E-01   0.000000E+00   0.000000E+00 
3.400000E-01    -1.355519E+00   -8.472485E-01    -5.082709E-01   0.000000E+00   0.000000E+00 
3.500000E-01    -1.352099E+00   -8.446289E-01    -5.074697E-01   0.000000E+00   0.000000E+00 
3.600000E-01    -1.348421E+00   -8.420099E-01    -5.064113E-01   0.000000E+00   0.000000E+00 
3.700000E-01    -1.345001E+00   -8.393903E-01    -5.056105E-01   0.000000E+00   0.000000E+00 
3.800000E-01    -1.341324E+00   -8.367710E-01    -5.045529E-01   0.000000E+00   0.000000E+00 
3.900000E-01    -1.337904E+00   -8.341514E-01    -5.037527E-01   0.000000E+00   0.000000E+00 
4.000000E-01    -1.334484E+00   -8.315317E-01    -5.029525E-01   0.000000E+00   0.000000E+00 
4.100000E-01    -1.330808E+00   -8.289124E-01    -5.018956E-01   0.000000E+00   0.000000E+00 
4.200000E-01    -1.327841E+00   -8.267449E-01    -5.010962E-01   0.000000E+00   0.000000E+00 
4.300000E-01    -1.324166E+00   -8.241253E-01    -5.000402E-01   0.000000E+00   0.000000E+00 
4.400000E-01    -1.320747E+00   -8.215056E-01    -4.992410E-01   0.000000E+00   0.000000E+00 
4.500000E-01    -1.317071E+00   -8.188855E-01    -4.981855E-01   0.000000E+00   0.000000E+00 
4.600000E-01    -1.313653E+00   -8.162658E-01    -4.973871E-01   0.000000E+00   0.000000E+00 
4.700000E-01    -1.309978E+00   -8.136454E-01    -4.963321E-01   0.000000E+00   0.000000E+00 
4.800000E-01    -1.306560E+00   -8.110256E-01    -4.955344E-01   0.000000E+00   0.000000E+00 
4.900000E-01    -1.303142E+00   -8.084058E-01    -4.947366E-01   0.000000E+00   0.000000E+00 
5.000000E-01    -1.299921E+00   -8.062382E-01    -4.936825E-01   0.000000E+00   0.000000E+00 
5.100000E-01    -1.296503E+00   -8.036182E-01    -4.928853E-01   0.000000E+00   0.000000E+00 
5.200000E-01    -1.292830E+00   -8.009976E-01    -4.918321E-01   0.000000E+00   0.000000E+00 
5.300000E-01    -1.289413E+00   -7.983773E-01    -4.910353E-01   0.000000E+00   0.000000E+00 
5.400000E-01    -1.285740E+00   -7.957571E-01    -4.899825E-01   0.000000E+00   0.000000E+00 
5.500000E-01    -1.282323E+00   -7.931363E-01    -4.891866E-01   0.000000E+00   0.000000E+00 
5.600000E-01    -1.278907E+00   -7.905161E-01    -4.883908E-01   0.000000E+00   0.000000E+00 
5.700000E-01    -1.275686E+00   -7.883480E-01    -4.873385E-01   0.000000E+00   0.000000E+00 
5.800000E-01    -1.272270E+00   -7.857271E-01    -4.865432E-01   0.000000E+00   0.000000E+00 
5.900000E-01    -1.268598E+00   -7.831063E-01    -4.854916E-01   0.000000E+00   0.000000E+00 
6.000000E-01    -1.265182E+00   -7.804854E-01    -4.846969E-01   0.000000E+00   0.000000E+00 
6.100000E-01    -1.261511E+00   -7.778648E-01    -4.836458E-01   0.000000E+00   0.000000E+00 
6.200000E-01    -1.258095E+00   -7.752438E-01    -4.828515E-01   0.000000E+00   0.000000E+00 
6.300000E-01    -1.254424E+00   -7.726232E-01    -4.818007E-01   0.000000E+00   0.000000E+00 
6.400000E-01    -1.251462E+00   -7.704546E-01    -4.810070E-01   0.000000E+00   0.000000E+00 
6.500000E-01    -1.248047E+00   -7.678330E-01    -4.802138E-01   0.000000E+00   0.000000E+00 
6.600000E-01    -1.244376E+00   -7.652123E-01    -4.791635E-01   0.000000E+00   0.000000E+00 
6.700000E-01    -1.240962E+00   -7.625909E-01    -4.783707E-01   0.000000E+00   0.000000E+00 
6.800000E-01    -1.237290E+00   -7.599694E-01    -4.773209E-01   0.000000E+00   0.000000E+00 
6.900000E-01    -1.233877E+00   -7.573483E-01    -4.765286E-01   0.000000E+00   0.000000E+00 
7.000000E-01    -1.230206E+00   -7.547268E-01    -4.754795E-01   0.000000E+00   0.000000E+00 
7.100000E-01    -1.226793E+00   -7.521053E-01    -4.746874E-01   0.000000E+00   0.000000E+00 
7.200000E-01    -1.223832E+00   -7.499361E-01    -4.738957E-01   0.000000E+00   0.000000E+00 
7.300000E-01    -1.220161E+00   -7.473142E-01    -4.728472E-01   0.000000E+00   0.000000E+00 
7.400000E-01    -1.216748E+00   -7.446926E-01    -4.720557E-01   0.000000E+00   0.000000E+00 
7.500000E-01    -1.213078E+00   -7.420706E-01    -4.710075E-01   0.000000E+00   0.000000E+00 
7.600000E-01    -1.209666E+00   -7.394489E-01    -4.702167E-01   0.000000E+00   0.000000E+00 
7.700000E-01    -1.205995E+00   -7.368262E-01    -4.691691E-01   0.000000E+00   0.000000E+00 
7.800000E-01    -1.202583E+00   -7.342040E-01    -4.683786E-01   0.000000E+00   0.000000E+00 
7.900000E-01    -1.199366E+00   -7.320348E-01    -4.673314E-01   0.000000E+00   0.000000E+00 
8.000000E-01    -1.195954E+00   -7.294124E-01    -4.665412E-01   0.000000E+00   0.000000E+00 
8.100000E-01    -1.192542E+00   -7.267904E-01    -4.657513E-01   0.000000E+00   0.000000E+00 
8.200000E-01    -1.188872E+00   -7.241677E-01    -4.647047E-01   0.000000E+00   0.000000E+00 
8.300000E-01    -1.185460E+00   -7.215451E-01    -4.639150E-01   0.000000E+00   0.000000E+00 
8.400000E-01    -1.181791E+00   -7.189226E-01    -4.628689E-01   0.000000E+00   0.000000E+00 
8.500000E-01    -1.178379E+00   -7.162995E-01    -4.620795E-01   0.000000E+00   0.000000E+00 
8.600000E-01    -1.175164E+00   -7.141297E-01    -4.610339E-01   0.000000E+00   0.000000E+00 
8.700000E-01    -1.171752E+00   -7.115069E-01    -4.602448E-01   0.000000E+00   0.000000E+00 
8.800000E-01    -1.168083E+00   -7.088839E-01    -4.591993E-01   0.000000E+00   0.000000E+00 
8.900000E-01    -1.164672E+00   -7.062609E-01    -4.584109E-01   0.000000E+00   0.000000E+00 
9.000000E-01    -1.161260E+00   -7.036373E-01    -4.576226E-01   0.000000E+00   0.000000E+00 
9.100000E-01    -1.157592E+00   -7.010147E-01    -4.565776E-01   0.000000E+00   0.000000E+00 
9.200000E-01    -1.154181E+00   -6.983912E-01    -4.557896E-01   0.000000E+00   0.000000E+00 
9.300000E-01    -1.150965E+00   -6.962204E-01    -4.547448E-01   0.000000E+00   0.000000E+00 
9.400000E-01    -1.147554E+00   -6.935967E-01    -4.539570E-01   0.000000E+00   0.000000E+00 
9.500000E-01    -1.143886E+00   -6.909730E-01    -4.529128E-01   0.000000E+00   0.000000E+00 
9.600000E-01    -1.140475E+00   -6.883498E-01    -4.521252E-01   0.000000E+00   0.000000E+00 
9.700000E-01    -1.137064E+00   -6.857257E-01    -4.513381E-01   0.000000E+00   0.000000E+00 
9.800000E-01    -1.133396E+00   -6.831017E-01    -4.502943E-01   0.000000E+00   0.000000E+00 
9.900000E-01    -1.129985E+00   -6.804779E-01    -4.495072E-01   0.000000E+00   0.000000E+00 
1.000000E+00    -1.126770E+00   -6.783061E-01    -4.484635E-01   0.000000E+00   0.000000E+00 
1.010000E+00    -1.123359E+00   -6.756820E-01    -4.476770E-01   0.000000E+00   0.000000E+00 
1.020000E+00    -1.119692E+00   -6.730579E-01    -4.466337E-01   0.000000E+00   0.000000E+00 
1.030000E+00    -1.116281E+00   -6.704333E-01    -4.458473E-01   0.000000E+00   0.000000E+00 
1.040000E+00    -1.112613E+00   -6.678092E-01    -4.448042E-01   0.000000E+00   0.000000E+00 
1.050000E+00    -1.109202E+00   -6.651844E-01    -4.440180E-01   0.000000E+00   0.000000E+00 
1.060000E+00    -1.105792E+00   -6.625596E-01    -4.432319E-01   0.000000E+00   0.000000E+00 
1.070000E+00    -1.102577E+00   -6.603876E-01    -4.421892E-01   0.000000E+00   0.000000E+00 
1.080000E+00    -1.099166E+00   -6.577624E-01    -4.414037E-01   0.000000E+00   0.000000E+00 
1.090000E+00    -1.095499E+00   -6.551380E-01    -4.403613E-01   0.000000E+00   0.000000E+00 
1.100000E+00    -1.092088E+00   -6.525122E-01    -4.395756E-01   0.000000E+00   0.000000E+00 
1.110000E+00    -1.088420E+00   -6.498869E-01    -4.385334E-01   0.000000E+00   0.000000E+00 
1.120000E+00    -1.085010E+00   -6.472619E-01    -4.377482E-01   0.000000E+00   0.000000E+00 
1.130000E+00    -1.081343E+00   -6.446363E-01    -4.367062E-01   0.000000E+00   0.000000E+00 
1.140000E+00    -1.078385E+00   -6.424635E-01    -4.359212E-01   0.000000E+00   0.000000E+00 
1.150000E+00    -1.074974E+00   -6.398376E-01    -4.351363E-01   0.000000E+00   0.000000E+00 
1.160000E+00    -1.071306E+00   -6.372118E-01    -4.340947E-01   0.000000E+00   0.000000E+00 
1.170000E+00    -1.067896E+00   -6.345860E-01    -4.333099E-01   0.000000E+00   0.000000E+00 
1.180000E+00    -1.064229E+00   -6.319602E-01    -4.322684E-01   0.000000E+00   0.000000E+00 
1.190000E+00    -1.060818E+00   -6.293342E-01    -4.314838E-01   0.000000E+00   0.000000E+00 
1.200000E+00    -1.057603E+00   -6.271604E-01    -4.304427E-01   0.000000E+00   0.000000E+00 
1.210000E+00    -1.054193E+00   -6.245340E-01    -4.296585E-01   0.000000E+00   0.000000E+00 
1.220000E+00    -1.050782E+00   -6.219079E-01    -4.288742E-01   0.000000E+00   0.000000E+00 
1.230000E+00    -1.047115E+00   -6.192816E-01    -4.278332E-01   0.000000E+00   0.000000E+00 
1.240000E+00    -1.043704E+00   -6.166548E-01    -4.270490E-01   0.000000E+00   0.000000E+00 
1.250000E+00    -1.040036E+00   -6.140279E-01    -4.260085E-01   0.000000E+00   0.000000E+00 
1.260000E+00    -1.036626E+00   -6.114010E-01    -4.252246E-01   0.000000E+00   0.000000E+00 
1.270000E+00    -1.033411E+00   -6.092271E-01    -4.241840E-01   0.000000E+00   0.000000E+00 
1.280000E+00    -1.030000E+00   -6.065998E-01    -4.234003E-01   0.000000E+00   0.000000E+00 
1.290000E+00    -1.026333E+00   -6.039730E-01    -4.223600E-01   0.000000E+00   0.000000E+00 
1.300000E+00    -1.022922E+00   -6.013452E-01    -4.215764E-01   0.000000E+00   0.000000E+00 
1.310000E+00    -1.019511E+00   -5.987180E-01    -4.207930E-01   0.000000E+00   0.000000E+00 
1.320000E+00    -1.015844E+00   -5.960907E-01    -4.197529E-01   0.000000E+00   0.000000E+00 
1.330000E+00    -1.012433E+00   -5.934631E-01    -4.189697E-01   0.000000E+00   0.000000E+00 
1.340000E+00    -1.009218E+00   -5.912881E-01    -4.179298E-01   0.000000E+00   0.000000E+00 
1.350000E+00    -1.005807E+00   -5.886600E-01    -4.171466E-01   0.000000E+00   0.000000E+00 
1.360000E+00    -1.002138E+00   -5.860317E-01    -4.161066E-01   0.000000E+00   0.000000E+00 
1.370000E+00    -9.987277E-01   -5.834039E-01    -4.153237E-01   0.000000E+00   0.000000E+00 
1.380000E+00    -9.950601E-01   -5.807759E-01    -4.142842E-01   0.000000E+00   0.000000E+00 
1.390000E+00    -9.916489E-01   -5.781474E-01    -4.135015E-01   0.000000E+00   0.000000E+00 
1.400000E+00    -9.882377E-01   -5.755191E-01    -4.127187E-01   0.000000E+00   0.000000E+00 
1.410000E+00    -9.850221E-01   -5.733429E-01    -4.116792E-01   0.000000E+00   0.000000E+00 
1.420000E+00    -9.816110E-01   -5.707144E-01    -4.108966E-01   0.000000E+00   0.000000E+00 
1.430000E+00    -9.779431E-01   -5.680859E-01    -4.098572E-01   0.000000E+00   0.000000E+00 
1.440000E+00    -9.745313E-01   -5.654565E-01    -4.090749E-01   0.000000E+00   0.000000E+00 
1.450000E+00    -9.708632E-01   -5.628275E-01    -4.080357E-01   0.000000E+00   0.000000E+00 
1.460000E+00    -9.674517E-01   -5.601984E-01    -4.072534E-01   0.000000E+00   0.000000E+00 
1.470000E+00    -9.637836E-01   -5.575693E-01    -4.062143E-01   0.000000E+00   0.000000E+00 
1.480000E+00    -9.608247E-01   -5.553925E-01    -4.054321E-01   0.000000E+00   0.000000E+00 
1.490000E+00    -9.574125E-01   -5.527627E-01    -4.046498E-01   0.000000E+00   0.000000E+00 
1.500000E+00    -9.537445E-01   -5.501334E-01    -4.036111E-01   0.000000E+00   0.000000E+00 
1.510000E+00    -9.503324E-01   -5.475032E-01    -4.028292E-01   0.000000E+00   0.000000E+00 
1.520000E+00    -9.466645E-01   -5.448740E-01    -4.017905E-01   0.000000E+00   0.000000E+00 
1.530000E+00    -9.432517E-01   -5.422434E-01    -4.010083E-01   0.000000E+00   0.000000E+00 
1.540000E+00    -9.400356E-01   -5.400659E-01    -3.999697E-01   0.000000E+00   0.000000E+00 
1.550000E+00    -9.366239E-01   -5.374359E-01    -3.991880E-01   0.000000E+00   0.000000E+00 
1.560000E+00    -9.329547E-01   -5.348052E-01    -3.981495E-01   0.000000E+00   0.000000E+00 
1.570000E+00    -9.295424E-01   -5.321746E-01    -3.973678E-01   0.000000E+00   0.000000E+00 
1.580000E+00    -9.261300E-01   -5.295438E-01    -3.965862E-01   0.000000E+00   0.000000E+00 
1.590000E+00    -9.224609E-01   -5.269130E-01    -3.955479E-01   0.000000E+00   0.000000E+00 
1.600000E+00    -9.190486E-01   -5.242823E-01    -3.947663E-01   0.000000E+00   0.000000E+00 
1.610000E+00    -9.158319E-01   -5.221039E-01    -3.937280E-01   0.000000E+00   0.000000E+00 
1.620000E+00    -9.124191E-01   -5.194726E-01    -3.929465E-01   0.000000E+00   0.000000E+00 
1.630000E+00    -9.087497E-01   -5.168411E-01    -3.919086E-01   0.000000E+00   0.000000E+00 
1.640000E+00    -9.053373E-01   -5.142100E-01    -3.911273E-01   0.000000E+00   0.000000E+00 
1.650000E+00    -9.019247E-01   -5.115788E-01    -3.903459E-01   0.000000E+00   0.000000E+00 
1.660000E+00    -8.982542E-01   -5.089463E-01    -3.893079E-01   0.000000E+00   0.000000E+00 
1.670000E+00    -8.948416E-01   -5.063150E-01    -3.885266E-01   0.000000E+00   0.000000E+00 
1.680000E+00    -8.916244E-01   -5.041355E-01    -3.874889E-01   0.000000E+00   0.000000E+00 
1.690000E+00    -8.882113E-01   -5.015035E-01    -3.867078E-01   0.000000E+00   0.000000E+00 
1.700000E+00    -8.845416E-01   -4.988716E-01    -3.856699E-01   0.000000E+00   0.000000E+00 
1.710000E+00    -8.811278E-01   -4.962387E-01    -3.848890E-01   0.000000E+00   0.000000E+00 
1.720000E+00    -8.774578E-01   -4.936065E-01    -3.838513E-01   0.000000E+00   0.000000E+00 
1.730000E+00    -8.740443E-01   -4.909740E-01    -3.830703E-01   0.000000E+00   0.000000E+00 
1.740000E+00    -8.710834E-01   -4.887939E-01    -3.822895E-01   0.000000E+00   0.000000E+00 
1.750000E+00    -8.674131E-01   -4.861612E-01    -3.812519E-01   0.000000E+00   0.000000E+00 
1.760000E+00    -8.639995E-01   -4.835283E-01    -3.804712E-01   0.000000E+00   0.000000E+00 
1.770000E+00    -8.603292E-01   -4.808955E-01    -3.794337E-01   0.000000E+00   0.000000E+00 
1.780000E+00    -8.569149E-01   -4.782618E-01    -3.786530E-01   0.000000E+00   0.000000E+00 
1.790000E+00    -8.532439E-01   -4.756284E-01    -3.776156E-01   0.000000E+00   0.000000E+00 
1.800000E+00    -8.498304E-01   -4.729953E-01    -3.768350E-01   0.000000E+00   0.000000E+00 
1.810000E+00    -8.466122E-01   -4.708144E-01    -3.757978E-01   0.000000E+00   0.000000E+00 
1.820000E+00    -8.431980E-01   -4.681807E-01    -3.750173E-01   0.000000E+00   0.000000E+00 
1.830000E+00    -8.397837E-01   -4.655470E-01    -3.742367E-01   0.000000E+00   0.000000E+00 
1.840000E+00    -8.361123E-01   -4.629127E-01    -3.731995E-01   0.000000E+00   0.000000E+00 
1.850000E+00    -8.326980E-01   -4.602788E-01    -3.724192E-01   0.000000E+00   0.000000E+00 
1.860000E+00    -8.290264E-01   -4.576444E-01    -3.713820E-01   0.000000E+00   0.000000E+00 
1.870000E+00    -8.260648E-01   -4.554630E-01    -3.706018E-01   0.000000E+00   0.000000E+00 
1.880000E+00    -8.223930E-01   -4.528282E-01    -3.695648E-01   0.000000E+00   0.000000E+00 
1.890000E+00    -8.189782E-01   -4.501938E-01    -3.687844E-01   0.000000E+00   0.000000E+00 
1.900000E+00    -8.153067E-01   -4.475591E-01    -3.677475E-01   0.000000E+00   0.000000E+00 
1.910000E+00    -8.118913E-01   -4.449239E-01    -3.669674E-01   0.000000E+00   0.000000E+00 
1.920000E+00    -8.084762E-01   -4.422891E-01    -3.661871E-01   0.000000E+00   0.000000E+00 
1.930000E+00    -8.048046E-01   -4.396542E-01    -3.651504E-01   0.000000E+00   0.000000E+00 
1.940000E+00    -8.018419E-01   -4.374714E-01    -3.643705E-01   0.000000E+00   0.000000E+00 
1.950000E+00    -7.981697E-01   -4.348361E-01    -3.633336E-01   0.000000E+00   0.000000E+00 
1.960000E+00    -7.947544E-01   -4.322008E-01    -3.625536E-01   0.000000E+00   0.000000E+00 
1.970000E+00    -7.910819E-01   -4.295651E-01    -3.615168E-01   0.000000E+00   0.000000E+00 
1.980000E+00    -7.876661E-01   -4.269290E-01    -3.607371E-01   0.000000E+00   0.000000E+00 
1.990000E+00    -7.839935E-01   -4.242931E-01    -3.597004E-01   0.000000E+00   0.000000E+00 
2.000000E+00    -7.805778E-01   -4.216572E-01    -3.589206E-01   0.000000E+00   0.000000E+00 
2.010000E+00    -7.776149E-01   -4.194741E-01    -3.581408E-01   0.000000E+00   0.000000E+00 
2.020000E+00    -7.739417E-01   -4.168375E-01    -3.571042E-01   0.000000E+00   0.000000E+00 
2.030000E+00    -7.705254E-01   -4.142010E-01    -3.563245E-01   0.000000E+00   0.000000E+00 
2.040000E+00    -7.668527E-01   -4.115645E-01    -3.552881E-01   0.000000E+00   0.000000E+00 
2.050000E+00    -7.634366E-01   -4.089282E-01    -3.545084E-01   0.000000E+00   0.000000E+00 
2.060000E+00    -7.597628E-01   -4.062908E-01    -3.534720E-01   0.000000E+00   0.000000E+00 
2.070000E+00    -7.567997E-01   -4.041071E-01    -3.526926E-01   0.000000E+00   0.000000E+00 
2.080000E+00    -7.531262E-01   -4.014700E-01    -3.516562E-01   0.000000E+00   0.000000E+00 
2.090000E+00    -7.497094E-01   -3.988328E-01    -3.508766E-01   0.000000E+00   0.000000E+00 
2.100000E+00    -7.462925E-01   -3.961954E-01    -3.500972E-01   0.000000E+00   0.000000E+00 
2.110000E+00    -7.426191E-01   -3.935580E-01    -3.490611E-01   0.000000E+00   0.000000E+00 
2.120000E+00    -7.392019E-01   -3.909201E-01    -3.482817E-01   0.000000E+00   0.000000E+00 
2.130000E+00    -7.355281E-01   -3.882827E-01    -3.472454E-01   0.000000E+00   0.000000E+00 
2.140000E+00    -7.325633E-01   -3.860972E-01    -3.464661E-01   0.000000E+00   0.000000E+00 
2.150000E+00    -7.288895E-01   -3.834594E-01    -3.454301E-01   0.000000E+00   0.000000E+00 
2.160000E+00    -7.254720E-01   -3.808213E-01    -3.446507E-01   0.000000E+00   0.000000E+00 
2.170000E+00    -7.217978E-01   -3.781830E-01    -3.436149E-01   0.000000E+00   0.000000E+00 
2.180000E+00    -7.183804E-01   -3.755448E-01    -3.428356E-01   0.000000E+00   0.000000E+00 
2.190000E+00    -7.149628E-01   -3.729063E-01    -3.420564E-01   0.000000E+00   0.000000E+00 
2.200000E+00    -7.117410E-01   -3.707203E-01    -3.410207E-01   0.000000E+00   0.000000E+00 
2.210000E+00    -7.083227E-01   -3.680812E-01    -3.402414E-01   0.000000E+00   0.000000E+00 
2.220000E+00    -7.046483E-01   -3.654428E-01    -3.392055E-01   0.000000E+00   0.000000E+00 
2.230000E+00    -7.012302E-01   -3.628036E-01    -3.384266E-01   0.000000E+00   0.000000E+00 
2.240000E+00    -6.975554E-01   -3.601645E-01    -3.373909E-01   0.000000E+00   0.000000E+00 
2.250000E+00    -6.941370E-01   -3.575251E-01    -3.366119E-01   0.000000E+00   0.000000E+00 
2.260000E+00    -6.904619E-01   -3.548859E-01    -3.355760E-01   0.000000E+00   0.000000E+00 
2.270000E+00    -6.874960E-01   -3.526989E-01    -3.347971E-01   0.000000E+00   0.000000E+00 
2.280000E+00    -6.840777E-01   -3.500593E-01    -3.340184E-01   0.000000E+00   0.000000E+00 
2.290000E+00    -6.804023E-01   -3.474195E-01    -3.329828E-01   0.000000E+00   0.000000E+00 
2.300000E+00    -6.769834E-01   -3.447795E-01    -3.322039E-01   0.000000E+00   0.000000E+00 
2.310000E+00    -6.733082E-01   -3.421397E-01    -3.311685E-01   0.000000E+00   0.000000E+00 
2.320000E+00    -6.698886E-01   -3.394990E-01    -3.303896E-01   0.000000E+00   0.000000E+00 
2.330000E+00    -6.666659E-01   -3.373117E-01    -3.293542E-01   0.000000E+00   0.000000E+00 
2.340000E+00    -6.632466E-01   -3.346711E-01    -3.285756E-01   0.000000E+00   0.000000E+00 
2.350000E+00    -6.595702E-01   -3.320303E-01    -3.275399E-01   0.000000E+00   0.000000E+00 
2.360000E+00    -6.561506E-01   -3.293891E-01    -3.267615E-01   0.000000E+00   0.000000E+00 
2.370000E+00    -6.527319E-01   -3.267488E-01    -3.259830E-01   0.000000E+00   0.000000E+00 
2.380000E+00    -6.490552E-01   -3.241075E-01    -3.249477E-01   0.000000E+00   0.000000E+00 
2.390000E+00    -6.460877E-01   -3.219188E-01    -3.241690E-01   0.000000E+00   0.000000E+00 
2.400000E+00    -6.424111E-01   -3.192773E-01    -3.231337E-01   0.000000E+00   0.000000E+00 
2.410000E+00    -6.389918E-01   -3.166363E-01    -3.223555E-01   0.000000E+00   0.000000E+00 
2.420000E+00    -6.353147E-01   -3.139944E-01    -3.213203E-01   0.000000E+00   0.000000E+00 
2.430000E+00    -6.318944E-01   -3.113526E-01    -3.205418E-01   0.000000E+00   0.000000E+00 
2.440000E+00    -6.282173E-01   -3.087106E-01    -3.195067E-01   0.000000E+00   0.000000E+00 
2.450000E+00    -6.247969E-01   -3.060686E-01    -3.187283E-01   0.000000E+00   0.000000E+00 
2.460000E+00    -6.218288E-01   -3.038788E-01    -3.179500E-01   0.000000E+00   0.000000E+00 
2.470000E+00    -6.181515E-01   -3.012364E-01    -3.169151E-01   0.000000E+00   0.000000E+00 
2.480000E+00    -6.147305E-01   -2.985936E-01    -3.161368E-01   0.000000E+00   0.000000E+00 
2.490000E+00    -6.110532E-01   -2.959513E-01    -3.151018E-01   0.000000E+00   0.000000E+00 
2.500000E+00    -6.076320E-01   -2.933081E-01    -3.143238E-01   0.000000E+00   0.000000E+00 
2.510000E+00    -6.039539E-01   -2.906650E-01    -3.132889E-01   0.000000E+00   0.000000E+00 
2.520000E+00    -6.009854E-01   -2.884748E-01    -3.125106E-01   0.000000E+00   0.000000E+00 
2.530000E+00    -5.973069E-01   -2.858310E-01    -3.114759E-01   0.000000E+00   0.000000E+00 
2.540000E+00    -5.938854E-01   -2.831874E-01    -3.106980E-01   0.000000E+00   0.000000E+00 
2.550000E+00    -5.904631E-01   -2.805432E-01    -3.099199E-01   0.000000E+00   0.000000E+00 
2.560000E+00    -5.867847E-01   -2.778997E-01    -3.088850E-01   0.000000E+00   0.000000E+00 
2.570000E+00    -5.833625E-01   -2.752553E-01    -3.081072E-01   0.000000E+00   0.000000E+00 
2.580000E+00    -5.796836E-01   -2.726110E-01    -3.070726E-01   0.000000E+00   0.000000E+00 
2.590000E+00    -5.767137E-01   -2.704191E-01    -3.062946E-01   0.000000E+00   0.000000E+00 
2.600000E+00    -5.730344E-01   -2.677743E-01    -3.052601E-01   0.000000E+00   0.000000E+00 
2.610000E+00    -5.696118E-01   -2.651295E-01    -3.044823E-01   0.000000E+00   0.000000E+00 
2.620000E+00    -5.659319E-01   -2.624843E-01    -3.034477E-01   0.000000E+00   0.000000E+00 
2.630000E+00    -5.625090E-01   -2.598389E-01    -3.026700E-01   0.000000E+00   0.000000E+00 
2.640000E+00    -5.590852E-01   -2.571930E-01    -3.018923E-01   0.000000E+00   0.000000E+00 
2.650000E+00    -5.558576E-01   -2.550000E-01    -3.008576E-01   0.000000E+00   0.000000E+00 
2.660000E+00    -5.524344E-01   -2.523543E-01    -3.000801E-01   0.000000E+00   0.000000E+00 
2.670000E+00    -5.487535E-01   -2.497077E-01    -2.990459E-01   0.000000E+00   0.000000E+00 
2.680000E+00    -5.453291E-01   -2.470608E-01    -2.982683E-01   0.000000E+00   0.000000E+00 
2.690000E+00    -5.416480E-01   -2.444144E-01    -2.972337E-01   0.000000E+00   0.000000E+00 
2.700000E+00    -5.382233E-01   -2.417671E-01    -2.964562E-01   0.000000E+00   0.000000E+00 
2.710000E+00    -5.349947E-01   -2.395726E-01    -2.954222E-01   0.000000E+00   0.000000E+00 
2.720000E+00    -5.315693E-01   -2.369246E-01    -2.946447E-01   0.000000E+00   0.000000E+00 
2.730000E+00    -5.278878E-01   -2.342774E-01    -2.936104E-01   0.000000E+00   0.000000E+00 
2.740000E+00    -5.244618E-01   -2.316287E-01    -2.928331E-01   0.000000E+00   0.000000E+00 
2.750000E+00    -5.210360E-01   -2.289804E-01    -2.920555E-01   0.000000E+00   0.000000E+00 
2.760000E+00    -5.173531E-01   -2.263315E-01    -2.910215E-01   0.000000E+00   0.000000E+00 
2.770000E+00    -5.139270E-01   -2.236827E-01    -2.902443E-01   0.000000E+00   0.000000E+00 
2.780000E+00    -5.106960E-01   -2.214859E-01    -2.892101E-01   0.000000E+00   0.000000E+00 
2.790000E+00    -5.072691E-01   -2.188361E-01    -2.884330E-01   0.000000E+00   0.000000E+00 
2.800000E+00    -5.035851E-01   -2.161859E-01    -2.873992E-01   0.000000E+00   0.000000E+00 
2.810000E+00    -5.001576E-01   -2.135357E-01    -2.866219E-01   0.000000E+00   0.000000E+00 
2.820000E+00    -4.964729E-01   -2.108850E-01    -2.855879E-01   0.000000E+00   0.000000E+00 
2.830000E+00    -4.930446E-01   -2.082337E-01    -2.848109E-01   0.000000E+00   0.000000E+00 
2.840000E+00    -4.900688E-01   -2.060349E-01    -2.840339E-01   0.000000E+00   0.000000E+00 
2.850000E+00    -4.863830E-01   -2.033829E-01    -2.830000E-01   0.000000E+00   0.000000E+00 
2.860000E+00    -4.829535E-01   -2.007307E-01    -2.822229E-01   0.000000E+00   0.000000E+00 
2.870000E+00    -4.792672E-01   -1.980780E-01    -2.811892E-01   0.000000E+00   0.000000E+00 
2.880000E+00    -4.758370E-01   -1.954248E-01    -2.804122E-01   0.000000E+00   0.000000E+00 
2.890000E+00    -4.721494E-01   -1.927708E-01    -2.793785E-01   0.000000E+00   0.000000E+00 
2.900000E+00    -4.691717E-01   -1.905699E-01    -2.786018E-01   0.000000E+00   0.000000E+00 
2.910000E+00    -4.654832E-01   -1.879151E-01    -2.775681E-01   0.000000E+00   0.000000E+00 
2.920000E+00    -4.620515E-01   -1.852603E-01    -2.767912E-01   0.000000E+00   0.000000E+00 
2.930000E+00    -4.586189E-01   -1.826043E-01    -2.760146E-01   0.000000E+00   0.000000E+00 
2.940000E+00    -4.549300E-01   -1.799489E-01    -2.749810E-01   0.000000E+00   0.000000E+00 
2.950000E+00    -4.514960E-01   -1.772918E-01    -2.742041E-01   0.000000E+00   0.000000E+00 
2.960000E+00    -4.478058E-01   -1.746351E-01    -2.731707E-01   0.000000E+00   0.000000E+00 
2.970000E+00    -4.448240E-01   -1.724299E-01    -2.723942E-01   0.000000E+00   0.000000E+00 
2.980000E+00    -4.411326E-01   -1.697718E-01    -2.713608E-01   0.000000E+00   0.000000E+00 
2.990000E+00    -4.376964E-01   -1.671124E-01    -2.705840E-01   0.000000E+00   0.000000E+00 
3.000000E+00    -4.340042E-01   -1.644535E-01    -2.695508E-01   0.000000E+00   0.000000E+00 
3.010000E+00    -4.305672E-01   -1.617929E-01    -2.687743E-01   0.000000E+00   0.000000E+00 
3.020000E+00    -4.271301E-01   -1.591323E-01    -2.679978E-01   0.000000E+00   0.000000E+00 
3.030000E+00    -4.238878E-01   -1.569232E-01    -2.669646E-01   0.000000E+00   0.000000E+00 
3.040000E+00    -4.204493E-01   -1.542612E-01    -2.661881E-01   0.000000E+00   0.000000E+00 
3.050000E+00    -4.167533E-01   -1.515984E-01    -2.651549E-01   0.000000E+00   0.000000E+00 
3.060000E+00    -4.133135E-01   -1.489349E-01    -2.643786E-01   0.000000E+00   0.000000E+00 
3.070000E+00    -4.096157E-01   -1.462702E-01    -2.633454E-01   0.000000E+00   0.000000E+00 
3.080000E+00    -4.061740E-01   -1.436051E-01    -2.625689E-01   0.000000E+00   0.000000E+00 
3.090000E+00    -4.029282E-01   -1.413921E-01    -2.615360E-01   0.000000E+00   0.000000E+00 
3.100000E+00    -3.994854E-01   -1.387255E-01    -2.607599E-01   0.000000E+00   0.000000E+00 
3.110000E+00    -3.957844E-01   -1.360576E-01    -2.597268E-01   0.000000E+00   0.000000E+00 
3.120000E+00    -3.923393E-01   -1.333889E-01    -2.589505E-01   0.000000E+00   0.000000E+00 
3.130000E+00    -3.888944E-01   -1.307200E-01    -2.581744E-01   0.000000E+00   0.000000E+00 
3.140000E+00    -3.851913E-01   -1.280497E-01    -2.571416E-01   0.000000E+00   0.000000E+00 
3.150000E+00    -3.821972E-01   -1.258316E-01    -2.563655E-01   0.000000E+00   0.000000E+00 
3.160000E+00    -3.784917E-01   -1.231590E-01    -2.553326E-01   0.000000E+00   0.000000E+00 
3.170000E+00    -3.750434E-01   -1.204867E-01    -2.545567E-01   0.000000E+00   0.000000E+00 
3.180000E+00    -3.713360E-01   -1.178123E-01    -2.535238E-01   0.000000E+00   0.000000E+00 
3.190000E+00    -3.678855E-01   -1.151377E-01    -2.527478E-01   0.000000E+00   0.000000E+00 
3.200000E+00    -3.641764E-01   -1.124612E-01    -2.517152E-01   0.000000E+00   0.000000E+00 
3.210000E+00    -3.607238E-01   -1.097847E-01    -2.509391E-01   0.000000E+00   0.000000E+00 
3.220000E+00    -3.577222E-01   -1.075588E-01    -2.501634E-01   0.000000E+00   0.000000E+00 
3.230000E+00    -3.540108E-01   -1.048799E-01    -2.491309E-01   0.000000E+00   0.000000E+00 
3.240000E+00    -3.505546E-01   -1.021996E-01    -2.483550E-01   0.000000E+00   0.000000E+00 
3.250000E+00    -3.468408E-01   -9.951857E-02    -2.473223E-01   0.000000E+00   0.000000E+00 
3.260000E+00    -3.433823E-01   -9.683568E-02    -2.465466E-01   0.000000E+00   0.000000E+00 
3.270000E+00    -3.396667E-01   -9.415239E-02    -2.455143E-01   0.000000E+00   0.000000E+00 
3.280000E+00    -3.366587E-01   -9.192015E-02    -2.447385E-01   0.000000E+00   0.000000E+00 
3.290000E+00    -3.329405E-01   -8.923453E-02    -2.437060E-01   0.000000E+00   0.000000E+00 
3.300000E+00    -3.294777E-01   -8.654733E-02    -2.429304E-01   0.000000E+00   0.000000E+00 
3.310000E+00    -3.257570E-01   -8.385894E-02    -2.418980E-01   0.000000E+00   0.000000E+00 
3.320000E+00    -3.222918E-01   -8.116938E-02    -2.411224E-01   0.000000E+00   0.000000E+00 
3.330000E+00    -3.188258E-01   -7.847886E-02    -2.403470E-01   0.000000E+00   0.000000E+00 
3.340000E+00    -3.155544E-01   -7.623976E-02    -2.393147E-01   0.000000E+00   0.000000E+00 
3.350000E+00    -3.120860E-01   -7.354678E-02    -2.385392E-01   0.000000E+00   0.000000E+00 
3.360000E+00    -3.083594E-01   -7.085229E-02    -2.375071E-01   0.000000E+00   0.000000E+00 
3.370000E+00    -3.048887E-01   -6.815712E-02    -2.367316E-01   0.000000E+00   0.000000E+00 
3.380000E+00    -3.011596E-01   -6.546034E-02    -2.356993E-01   0.000000E+00   0.000000E+00 
3.390000E+00    -2.976871E-01   -6.276310E-02    -2.349240E-01   0.000000E+00   0.000000E+00 
3.400000E+00    -2.944086E-01   -6.051658E-02    -2.338921E-01   0.000000E+00   0.000000E+00 
3.410000E+00    -2.909333E-01   -5.781654E-02    -2.331167E-01   0.000000E+00   0.000000E+00 
3.420000E+00    -2.874566E-01   -5.511533E-02    -2.323413E-01   0.000000E+00   0.000000E+00 
3.430000E+00    -2.837225E-01   -5.241312E-02    -2.313094E-01   0.000000E+00   0.000000E+00 
3.440000E+00    -2.802443E-01   -4.971004E-02    -2.305342E-01   0.000000E+00   0.000000E+00 
3.450000E+00    -2.765075E-01   -4.700521E-02    -2.295023E-01   0.000000E+00   0.000000E+00 
3.460000E+00    -2.730272E-01   -4.430001E-02    -2.287272E-01   0.000000E+00   0.000000E+00 
3.470000E+00    -2.697412E-01   -4.204589E-02    -2.276954E-01   0.000000E+00   0.000000E+00 
3.480000E+00    -2.662590E-01   -3.933881E-02    -2.269202E-01   0.000000E+00   0.000000E+00 
3.490000E+00    -2.625187E-01   -3.663028E-02    -2.258884E-01   0.000000E+00   0.000000E+00 
3.500000E+00    -2.590345E-01   -3.392106E-02    -2.251134E-01   0.000000E+00   0.000000E+00 
3.510000E+00    -2.552923E-01   -3.121080E-02    -2.240815E-01   0.000000E+00   0.000000E+00 
3.520000E+00    -2.518067E-01   -2.850001E-02    -2.233067E-01   0.000000E+00   0.000000E+00 
3.530000E+00    -2.487729E-01   -2.624100E-02    -2.225319E-01   0.000000E+00   0.000000E+00 
3.540000E+00    -2.450288E-01   -2.352869E-02    -2.215001E-01   0.000000E+00   0.000000E+00 
3.550000E+00    -2.415404E-01   -2.081533E-02    -2.207251E-01   0.000000E+00   0.000000E+00 
3.560000E+00    -2.377953E-01   -1.810172E-02    -2.196936E-01   0.000000E+00   0.000000E+00 
3.570000E+00    -2.343064E-01   -1.538747E-02    -2.189189E-01   0.000000E+00   0.000000E+00 
3.580000E+00    -2.305602E-01   -1.267288E-02    -2.178873E-01   0.000000E+00   0.000000E+00 
3.590000E+00    -2.275230E-01   -1.041047E-02    -2.171125E-01   0.000000E+00   0.000000E+00 
3.600000E+00    -2.237761E-01   -7.695090E-03    -2.160810E-01   0.000000E+00   0.000000E+00 
3.610000E+00    -2.202856E-01   -4.979303E-03    -2.153063E-01   0.000000E+00   0.000000E+00 
3.620000E+00    -2.167950E-01   -2.263389E-03    -2.145316E-01   0.000000E+00   0.000000E+00 
3.630000E+00    -2.135004E-01   0.000000E+00    -2.135004E-01   0.000000E+00   0.000000E+00 
3.640000E+00    -2.127257E-01   0.000000E+00    -2.127257E-01   0.000000E+00   0.000000E+00 
3.650000E+00    -2.116944E-01   0.000000E+00    -2.116944E-01   0.000000E+00   0.000000E+00 
3.660000E+00    -2.109200E-01   0.000000E+00    -2.109200E-01   0.000000E+00   0.000000E+00 
3.670000E+00    -2.098886E-01   0.000000E+00    -2.098886E-01   0.000000E+00   0.000000E+00 
3.680000E+00    -2.091141E-01   0.000000E+00    -2.091141E-01   0.000000E+00   0.000000E+00 
3.690000E+00    -2.080829E-01   0.000000E+00    -2.080829E-01   0.000000E+00   0.000000E+00 
3.700000E+00    -2.073086E-01   0.000000E+00    -2.073086E-01   0.000000E+00   0.000000E+00 
3.710000E+00    -2.062774E-01   0.000000E+00    -2.062774E-01   0.000000E+00   0.000000E+00 
3.720000E+00    -2.055030E-01   0.000000E+00    -2.055030E-01   0.000000E+00   0.000000E+00 
3.730000E+00    -2.047286E-01   0.000000E+00    -2.047286E-01   0.000000E+00   0.000000E+00 
3.740000E+00    -2.036975E-01   0.000000E+00    -2.036975E-01   0.000000E+00   0.000000E+00 
3.750000E+00    -2.029233E-01   0.000000E+00    -2.029233E-01   0.000000E+00   0.000000E+00 
3.760000E+00    -2.018924E-01   0.000000E+00    -2.018924E-01   0.000000E+00   0.000000E+00 
3.770000E+00    -2.011181E-01   0.000000E+00    -2.011181E-01   0.000000E+00   0.000000E+00 
3.780000E+00    -2.000871E-01   0.000000E+00    -2.000871E-01   0.000000E+00   0.000000E+00 
3.790000E+00    -1.993131E-01   0.000000E+00    -1.993131E-01   0.000000E+00   0.000000E+00 
3.800000E+00    -1.982821E-01   0.000000E+00    -1.982821E-01   0.000000E+00   0.000000E+00 
3.810000E+00    -1.975078E-01   0.000000E+00    -1.975078E-01   0.000000E+00   0.000000E+00 
3.820000E+00    -1.964771E-01   0.000000E+00    -1.964771E-01   0.000000E+00   0.000000E+00 
3.830000E+00    -1.957031E-01   0.000000E+00    -1.957031E-01   0.000000E+00   0.000000E+00 
3.840000E+00    -1.949291E-01   0.000000E+00    -1.949291E-01   0.000000E+00   0.000000E+00 
3.850000E+00    -1.938982E-01   0.000000E+00    -1.938982E-01   0.000000E+00   0.000000E+00 
3.860000E+00    -1.931243E-01   0.000000E+00    -1.931243E-01   0.000000E+00   0.000000E+00 
3.870000E+00    -1.920936E-01   0.000000E+00    -1.920936E-01   0.000000E+00   0.000000E+00 
3.880000E+00    -1.913197E-01   0.000000E+00    -1.913197E-01   0.000000E+00   0.000000E+00 
3.890000E+00    -1.902892E-01   0.000000E+00    -1.902892E-01   0.000000E+00   0.000000E+00 
3.900000E+00    -1.895153E-01   0.000000E+00    -1.895153E-01   0.000000E+00   0.000000E+00 
3.910000E+00    -1.884846E-01   0.000000E+00    -1.884846E-01   0.000000E+00   0.000000E+00 
3.920000E+00    -1.877109E-01   0.000000E+00    -1.877109E-01   0.000000E+00   0.000000E+00 
3.930000E+00    -1.866804E-01   0.000000E+00    -1.866804E-01   0.000000E+00   0.000000E+00 
3.940000E+00    -1.859065E-01   0.000000E+00    -1.859065E-01   0.000000E+00   0.000000E+00 
3.950000E+00    -1.851329E-01   0.000000E+00    -1.851329E-01   0.000000E+00   0.000000E+00 
3.960000E+00    -1.841025E-01   0.000000E+00    -1.841025E-01   0.000000E+00   0.000000E+00 
3.970000E+00    -1.833288E-01   0.000000E+00    -1.833288E-01   0.000000E+00   0.000000E+00 
3.980000E+00    -1.822983E-01   0.000000E+00    -1.822983E-01   0.000000E+00   0.000000E+00 
3.990000E+00    -1.815248E-01   0.000000E+00    -1.815248E-01   0.000000E+00   0.000000E+00 
4.000000E+00    -1.804945E-01   0.000000E+00    -1.804945E-01   0.000000E+00   0.000000E+00 
4.010000E+00    -1.797209E-01   0.000000E+00    -1.797209E-01   0.000000E+00   0.000000E+00 
4.020000E+00    -1.786906E-01   0.000000E+00    -1.786906E-01   0.000000E+00   0.000000E+00 
4.030000E+00    -1.779171E-01   0.000000E+00    -1.779171E-01   0.000000E+00   0.000000E+00 
4.040000E+00    -1.771436E-01   0.000000E+00    -1.771436E-01   0.000000E+00   0.000000E+00 
4.050000E+00    -1.761134E-01   0.000000E+00    -1.761134E-01   0.000000E+00   0.000000E+00 
4.060000E+00    -1.753400E-01   0.000000E+00    -1.753400E-01   0.000000E+00   0.000000E+00 
4.070000E+00    -1.743098E-01   0.000000E+00    -1.743098E-01   0.000000E+00   0.000000E+00 
4.080000E+00    -1.735365E-01   0.000000E+00    -1.735365E-01   0.000000E+00   0.000000E+00 
4.090000E+00    -1.725065E-01   0.000000E+00    -1.725065E-01   0.000000E+00   0.000000E+00 
4.100000E+00    -1.717331E-01   0.000000E+00    -1.717331E-01   0.000000E+00   0.000000E+00 
4.110000E+00    -1.707029E-01   0.000000E+00    -1.707029E-01   0.000000E+00   0.000000E+00 
4.120000E+00    -1.699298E-01   0.000000E+00    -1.699298E-01   0.000000E+00   0.000000E+00 
4.130000E+00    -1.688999E-01   0.000000E+00    -1.688999E-01   0.000000E+00   0.000000E+00 
4.140000E+00    -1.681266E-01   0.000000E+00    -1.681266E-01   0.000000E+00   0.000000E+00 
4.150000E+00    -1.673534E-01   0.000000E+00    -1.673534E-01   0.000000E+00   0.000000E+00 
4.160000E+00    -1.663235E-01   0.000000E+00    -1.663235E-01   0.000000E+00   0.000000E+00 
4.170000E+00    -1.655504E-01   0.000000E+00    -1.655504E-01   0.000000E+00   0.000000E+00 
4.180000E+00    -1.645206E-01   0.000000E+00    -1.645206E-01   0.000000E+00   0.000000E+00 
4.190000E+00    -1.637475E-01   0.000000E+00    -1.637475E-01   0.000000E+00   0.000000E+00 
4.200000E+00    -1.627177E-01   0.000000E+00    -1.627177E-01   0.000000E+00   0.000000E+00 
4.210000E+00    -1.619447E-01   0.000000E+00    -1.619447E-01   0.000000E+00   0.000000E+00 
4.220000E+00    -1.609150E-01   0.000000E+00    -1.609150E-01   0.000000E+00   0.000000E+00 
4.230000E+00    -1.601420E-01   0.000000E+00    -1.601420E-01   0.000000E+00   0.000000E+00 
4.240000E+00    -1.591122E-01   0.000000E+00    -1.591122E-01   0.000000E+00   0.000000E+00 
4.250000E+00    -1.583393E-01   0.000000E+00    -1.583393E-01   0.000000E+00   0.000000E+00 
4.260000E+00    -1.575665E-01   0.000000E+00    -1.575665E-01   0.000000E+00   0.000000E+00 
4.270000E+00    -1.565368E-01   0.000000E+00    -1.565368E-01   0.000000E+00   0.000000E+00 
4.280000E+00    -1.557639E-01   0.000000E+00    -1.557639E-01   0.000000E+00   0.000000E+00 
4.290000E+00    -1.547343E-01   0.000000E+00    -1.547343E-01   0.000000E+00   0.000000E+00 
4.300000E+00    -1.539616E-01   0.000000E+00    -1.539616E-01   0.000000E+00   0.000000E+00 
4.310000E+00    -1.529320E-01   0.000000E+00    -1.529320E-01   0.000000E+00   0.000000E+00 
4.320000E+00    -1.521593E-01   0.000000E+00    -1.521593E-01   0.000000E+00   0.000000E+00 
4.330000E+00    -1.511298E-01   0.000000E+00    -1.511298E-01   0.000000E+00   0.000000E+00 
4.340000E+00    -1.503571E-01   0.000000E+00    -1.503571E-01   0.000000E+00   0.000000E+00 
4.350000E+00    -1.493277E-01   0.000000E+00    -1.493277E-01   0.000000E+00   0.000000E+00 
4.360000E+00    -1.485550E-01   0.000000E+00    -1.485550E-01   0.000000E+00   0.000000E+00 
4.370000E+00    -1.477823E-01   0.000000E+00    -1.477823E-01   0.000000E+00   0.000000E+00 
4.380000E+00    -1.467530E-01   0.000000E+00    -1.467530E-01   0.000000E+00   0.000000E+00 
4.390000E+00    -1.459805E-01   0.000000E+00    -1.459805E-01   0.000000E+00   0.000000E+00 
4.400000E+00    -1.449511E-01   0.000000E+00    -1.449511E-01   0.000000E+00   0.000000E+00 
4.410000E+00    -1.441785E-01   0.000000E+00    -1.441785E-01   0.000000E+00   0.000000E+00 
4.420000E+00    -1.431493E-01   0.000000E+00    -1.431493E-01   0.000000E+00   0.000000E+00 
4.430000E+00    -1.423769E-01   0.000000E+00    -1.423769E-01   0.000000E+00   0.000000E+00 
4.440000E+00    -1.413476E-01   0.000000E+00    -1.413476E-01   0.000000E+00   0.000000E+00 
4.450000E+00    -1.405752E-01   0.000000E+00    -1.405752E-01   0.000000E+00   0.000000E+00 
4.460000E+00    -1.395460E-01   0.000000E+00    -1.395460E-01   0.000000E+00   0.000000E+00 
4.470000E+00    -1.387736E-01   0.000000E+00    -1.387736E-01   0.000000E+00   0.000000E+00 
4.480000E+00    -1.377444E-01   0.000000E+00    -1.377444E-01   0.000000E+00   0.000000E+00 
4.490000E+00    -1.369721E-01   0.000000E+00    -1.369721E-01   0.000000E+00   0.000000E+00 
4.500000E+00    -1.361997E-01   0.000000E+00    -1.361997E-01   0.000000E+00   0.000000E+00 
4.510000E+00    -1.351707E-01   0.000000E+00    -1.351707E-01   0.000000E+00   0.000000E+00 
4.520000E+00    -1.343985E-01   0.000000E+00    -1.343985E-01   0.000000E+00   0.000000E+00 
4.530000E+00    -1.333694E-01   0.000000E+00    -1.333694E-01   0.000000E+00   0.000000E+00 
4.540000E+00    -1.325971E-01   0.000000E+00    -1.325971E-01   0.000000E+00   0.000000E+00 
4.550000E+00    -1.315682E-01   0.000000E+00    -1.315682E-01   0.000000E+00   0.000000E+00 
4.560000E+00    -1.307960E-01   0.000000E+00    -1.307960E-01   0.000000E+00   0.000000E+00 
4.570000E+00    -1.297671E-01   0.000000E+00    -1.297671E-01   0.000000E+00   0.000000E+00 
4.580000E+00    -1.289949E-01   0.000000E+00    -1.289949E-01   0.000000E+00   0.000000E+00 
4.590000E+00    -1.279661E-01   0.000000E+00    -1.279661E-01   0.000000E+00   0.000000E+00 
4.600000E+00    -1.271940E-01   0.000000E+00    -1.271940E-01   0.000000E+00   0.000000E+00 
4.610000E+00    -1.264219E-01   0.000000E+00    -1.264219E-01   0.000000E+00   0.000000E+00 
4.620000E+00    -1.253931E-01   0.000000E+00    -1.253931E-01   0.000000E+00   0.000000E+00 
4.630000E+00    -1.246210E-01   0.000000E+00    -1.246210E-01   0.000000E+00   0.000000E+00 
4.640000E+00    -1.235923E-01   0.000000E+00    -1.235923E-01   0.000000E+00   0.000000E+00 
4.650000E+00    -1.228204E-01   0.000000E+00    -1.228204E-01   0.000000E+00   0.000000E+00 
4.660000E+00    -1.217916E-01   0.000000E+00    -1.217916E-01   0.000000E+00   0.000000E+00 
4.670000E+00    -1.210195E-01   0.000000E+00    -1.210195E-01   0.000000E+00   0.000000E+00 
4.680000E+00    -1.199909E-01   0.000000E+00    -1.199909E-01   0.000000E+00   0.000000E+00 
4.690000E+00    -1.192191E-01   0.000000E+00    -1.192191E-01   0.000000E+00   0.000000E+00 
4.700000E+00    -1.181904E-01   0.000000E+00    -1.181904E-01   0.000000E+00   0.000000E+00 
4.710000E+00    -1.174184E-01   0.000000E+00    -1.174184E-01   0.000000E+00   0.000000E+00 
4.720000E+00    -1.166466E-01   0.000000E+00    -1.166466E-01   0.000000E+00   0.000000E+00 
4.730000E+00    -1.156180E-01   0.000000E+00    -1.156180E-01   0.000000E+00   0.000000E+00 
4.740000E+00    -1.148462E-01   0.000000E+00    -1.148462E-01   0.000000E+00   0.000000E+00 
4.750000E+00    -1.138177E-01   0.000000E+00    -1.138177E-01   0.000000E+00   0.000000E+00 
4.760000E+00    -1.130459E-01   0.000000E+00    -1.130459E-01   0.000000E+00   0.000000E+00 
4.770000E+00    -1.120174E-01   0.000000E+00    -1.120174E-01   0.000000E+00   0.000000E+00 
4.780000E+00    -1.112457E-01   0.000000E+00    -1.112457E-01   0.000000E+00   0.000000E+00 
4.790000E+00    -1.102172E-01   0.000000E+00    -1.102172E-01   0.000000E+00   0.000000E+00 
4.800000E+00    -1.094454E-01   0.000000E+00    -1.094454E-01   0.000000E+00   0.000000E+00 
4.810000E+00    -1.084170E-01   0.000000E+00    -1.084170E-01   0.000000E+00   0.000000E+00 
4.820000E+00    -1.076454E-01   0.000000E+00    -1.076454E-01   0.000000E+00   0.000000E+00 
4.830000E+00    -1.066170E-01   0.000000E+00    -1.066170E-01   0.000000E+00   0.000000E+00 
4.840000E+00    -1.058453E-01   0.000000E+00    -1.058453E-01   0.000000E+00   0.000000E+00 
4.850000E+00    -1.050738E-01   0.000000E+00    -1.050738E-01   0.000000E+00   0.000000E+00 
4.860000E+00    -1.040455E-01   0.000000E+00    -1.040455E-01   0.000000E+00   0.000000E+00 
4.870000E+00    -1.032739E-01   0.000000E+00    -1.032739E-01   0.000000E+00   0.000000E+00 
4.880000E+00    -1.022456E-01   0.000000E+00    -1.022456E-01   0.000000E+00   0.000000E+00 
4.890000E+00    -1.014740E-01   0.000000E+00    -1.014740E-01   0.000000E+00   0.000000E+00 
4.900000E+00    -1.004458E-01   0.000000E+00    -1.004458E-01   0.000000E+00   0.000000E+00 
4.910000E+00    -9.967431E-02   0.000000E+00    -9.967431E-02   0.000000E+00   0.000000E+00 
4.920000E+00    -9.864607E-02   0.000000E+00    -9.864607E-02   0.000000E+00   0.000000E+00 
4.930000E+00    -9.787456E-02   0.000000E+00    -9.787456E-02   0.000000E+00   0.000000E+00 
4.940000E+00    -9.684642E-02   0.000000E+00    -9.684642E-02   0.000000E+00   0.000000E+00 
4.950000E+00    -9.607504E-02   0.000000E+00    -9.607504E-02   0.000000E+00   0.000000E+00 
4.960000E+00    -9.504690E-02   0.000000E+00    -9.504690E-02   0.000000E+00   0.000000E+00 
4.970000E+00    -9.427546E-02   0.000000E+00    -9.427546E-02   0.000000E+00   0.000000E+00 
4.980000E+00    -9.350415E-02   0.000000E+00    -9.350415E-02   0.000000E+00   0.000000E+00 
4.990000E+00    -9.247609E-02   0.000000E+00    -9.247609E-02   0.000000E+00   0.000000E+00 
5.000000E+00    -9.170475E-02   0.000000E+00    -9.170475E-02   0.000000E+00   0.000000E+00 
5.010000E+00    -9.067666E-02   0.000000E+00    -9.067666E-02   0.000000E+00   0.000000E+00 
5.020000E+00    -8.990535E-02   0.000000E+00    -8.990535E-02   0.000000E+00   0.000000E+00 
5.030000E+00    -8.887734E-02   0.000000E+00    -8.887734E-02   0.000000E+00   0.000000E+00 
5.040000E+00    -8.810608E-02   0.000000E+00    -8.810608E-02   0.000000E+00   0.000000E+00 
5.050000E+00    -8.707806E-02   0.000000E+00    -8.707806E-02   0.000000E+00   0.000000E+00 
5.060000E+00    -8.630679E-02   0.000000E+00    -8.630679E-02   0.000000E+00   0.000000E+00 
5.070000E+00    -8.527887E-02   0.000000E+00    -8.527887E-02   0.000000E+00   0.000000E+00 
5.080000E+00    -8.450771E-02   0.000000E+00    -8.450771E-02   0.000000E+00   0.000000E+00 
5.090000E+00    -8.347971E-02   0.000000E+00    -8.347971E-02   0.000000E+00   0.000000E+00 
5.100000E+00    -8.270851E-02   0.000000E+00    -8.270851E-02   0.000000E+00   0.000000E+00 
5.110000E+00    -8.193740E-02   0.000000E+00    -8.193740E-02   0.000000E+00   0.000000E+00 
5.120000E+00    -8.090953E-02   0.000000E+00    -8.090953E-02   0.000000E+00   0.000000E+00 
5.130000E+00    -8.013838E-02   0.000000E+00    -8.013838E-02   0.000000E+00   0.000000E+00 
5.140000E+00    -7.911050E-02   0.000000E+00    -7.911050E-02   0.000000E+00   0.000000E+00 
5.150000E+00    -7.833943E-02   0.000000E+00    -7.833943E-02   0.000000E+00   0.000000E+00 
5.160000E+00    -7.731160E-02   0.000000E+00    -7.731160E-02   0.000000E+00   0.000000E+00 
5.170000E+00    -7.654054E-02   0.000000E+00    -7.654054E-02   0.000000E+00   0.000000E+00 
5.180000E+00    -7.551274E-02   0.000000E+00    -7.551274E-02   0.000000E+00   0.000000E+00 
5.190000E+00    -7.474170E-02   0.000000E+00    -7.474170E-02   0.000000E+00   0.000000E+00 
5.200000E+00    -7.371393E-02   0.000000E+00    -7.371393E-02   0.000000E+00   0.000000E+00 
5.210000E+00    -7.294295E-02   0.000000E+00    -7.294295E-02   0.000000E+00   0.000000E+00 
5.220000E+00    -7.191518E-02   0.000000E+00    -7.191518E-02   0.000000E+00   0.000000E+00 
5.230000E+00    -7.114418E-02   0.000000E+00    -7.114418E-02   0.000000E+00   0.000000E+00 
5.240000E+00    -7.011649E-02   0.000000E+00    -7.011649E-02   0.000000E+00   0.000000E+00 
5.250000E+00    -6.934557E-02   0.000000E+00    -6.934557E-02   0.000000E+00   0.000000E+00 
5.260000E+00    -6.857462E-02   0.000000E+00    -6.857462E-02   0.000000E+00   0.000000E+00 
5.270000E+00    -6.754691E-02   0.000000E+00    -6.754691E-02   0.000000E+00   0.000000E+00 
5.280000E+00    -6.677604E-02   0.000000E+00    -6.677604E-02   0.000000E+00   0.000000E+00 
5.290000E+00    -6.574840E-02   0.000000E+00    -6.574840E-02   0.000000E+00   0.000000E+00 
5.300000E+00    -6.497751E-02   0.000000E+00    -6.497751E-02   0.000000E+00   0.000000E+00 
5.310000E+00    -6.394991E-02   0.000000E+00    -6.394991E-02   0.000000E+00   0.000000E+00 
5.320000E+00    -6.317905E-02   0.000000E+00    -6.317905E-02   0.000000E+00   0.000000E+00 
5.330000E+00    -6.215148E-02   0.000000E+00    -6.215148E-02   0.000000E+00   0.000000E+00 
5.340000E+00    -6.138066E-02   0.000000E+00    -6.138066E-02   0.000000E+00   0.000000E+00 
5.350000E+00    -6.035308E-02   0.000000E+00    -6.035308E-02   0.000000E+00   0.000000E+00 
5.360000E+00    -5.958226E-02   0.000000E+00    -5.958226E-02   0.000000E+00   0.000000E+00 
5.370000E+00    -5.855474E-02   0.000000E+00    -5.855474E-02   0.000000E+00   0.000000E+00 
5.380000E+00    -5.778398E-02   0.000000E+00    -5.778398E-02   0.000000E+00   0.000000E+00 
5.390000E+00    -5.675645E-02   0.000000E+00    -5.675645E-02   0.000000E+00   0.000000E+00 
5.400000E+00    -5.598566E-02   0.000000E+00    -5.598566E-02   0.000000E+00   0.000000E+00 
5.410000E+00    -5.495818E-02   0.000000E+00    -5.495818E-02   0.000000E+00   0.000000E+00 
5.420000E+00    -5.418746E-02   0.000000E+00    -5.418746E-02   0.000000E+00   0.000000E+00 
5.430000E+00    -5.341675E-02   0.000000E+00    -5.341675E-02   0.000000E+00   0.000000E+00 
5.440000E+00    -5.238926E-02   0.000000E+00    -5.238926E-02   0.000000E+00   0.000000E+00 
5.450000E+00    -5.161856E-02   0.000000E+00    -5.161856E-02   0.000000E+00   0.000000E+00 
5.460000E+00    -5.059114E-02   0.000000E+00    -5.059114E-02   0.000000E+00   0.000000E+00 
5.470000E+00    -4.982046E-02   0.000000E+00    -4.982046E-02   0.000000E+00   0.000000E+00 
5.480000E+00    -4.879302E-02   0.000000E+00    -4.879302E-02   0.000000E+00   0.000000E+00 
5.490000E+00    -4.802235E-02   0.000000E+00    -4.802235E-02   0.000000E+00   0.000000E+00 
5.500000E+00    -4.699498E-02   0.000000E+00    -4.699498E-02   0.000000E+00   0.000000E+00 
5.510000E+00    -4.622436E-02   0.000000E+00    -4.622436E-02   0.000000E+00   0.000000E+00 
5.520000E+00    -4.519696E-02   0.000000E+00    -4.519696E-02   0.000000E+00   0.000000E+00 
5.530000E+00    -4.442633E-02   0.000000E+00    -4.442633E-02   0.000000E+00   0.000000E+00 
5.540000E+00    -4.339899E-02   0.000000E+00    -4.339899E-02   0.000000E+00   0.000000E+00 
5.550000E+00    -4.262841E-02   0.000000E+00    -4.262841E-02   0.000000E+00   0.000000E+00 
5.560000E+00    -4.160106E-02   0.000000E+00    -4.160106E-02   0.000000E+00   0.000000E+00 
5.570000E+00    -4.083047E-02   0.000000E+00    -4.083047E-02   0.000000E+00   0.000000E+00 
5.580000E+00    -3.980316E-02   0.000000E+00    -3.980316E-02   0.000000E+00   0.000000E+00 
5.590000E+00    -3.903261E-02   0.000000E+00    -3.903261E-02   0.000000E+00   0.000000E+00 
5.600000E+00    -3.800531E-02   0.000000E+00    -3.800531E-02   0.000000E+00   0.000000E+00 
5.610000E+00    -3.723477E-02   0.000000E+00    -3.723477E-02   0.000000E+00   0.000000E+00 
5.620000E+00    -3.620747E-02   0.000000E+00    -3.620747E-02   0.000000E+00   0.000000E+00 
5.630000E+00    -3.543696E-02   0.000000E+00    -3.543696E-02   0.000000E+00   0.000000E+00 
5.640000E+00    -3.440972E-02   0.000000E+00    -3.440972E-02   0.000000E+00   0.000000E+00 
5.650000E+00    -3.363922E-02   0.000000E+00    -3.363922E-02   0.000000E+00   0.000000E+00 
5.660000E+00    -3.286870E-02   0.000000E+00    -3.286870E-02   0.000000E+00   0.000000E+00 
5.670000E+00    -3.184147E-02   0.000000E+00    -3.184147E-02   0.000000E+00   0.000000E+00 
5.680000E+00    -3.107101E-02   0.000000E+00    -3.107101E-02   0.000000E+00   0.000000E+00 
5.690000E+00    -3.004378E-02   0.000000E+00    -3.004378E-02   0.000000E+00   0.000000E+00 
5.700000E+00    -2.927330E-02   0.000000E+00    -2.927330E-02   0.000000E+00   0.000000E+00 
5.710000E+00    -2.824610E-02   0.000000E+00    -2.824610E-02   0.000000E+00   0.000000E+00 
5.720000E+00    -2.747566E-02   0.000000E+00    -2.747566E-02   0.000000E+00   0.000000E+00 
5.730000E+00    -2.644846E-02   0.000000E+00    -2.644846E-02   0.000000E+00   0.000000E+00 
5.740000E+00    -2.567803E-02   0.000000E+00    -2.567803E-02   0.000000E+00   0.000000E+00 
5.750000E+00    -2.465083E-02   0.000000E+00    -2.465083E-02   0.000000E+00   0.000000E+00 
5.760000E+00    -2.388042E-02   0.000000E+00    -2.388042E-02   0.000000E+00   0.000000E+00 
5.770000E+00    -2.285326E-02   0.000000E+00    -2.285326E-02   0.000000E+00   0.000000E+00 
5.780000E+00    -2.208285E-02   0.000000E+00    -2.208285E-02   0.000000E+00   0.000000E+00 
5.790000E+00    -2.105568E-02   0.000000E+00    -2.105568E-02   0.000000E+00   0.000000E+00 
5.800000E+00    -2.028529E-02   0.000000E+00    -2.028529E-02   0.000000E+00   0.000000E+00 
5.810000E+00    -1.925815E-02   0.000000E+00    -1.925815E-02   0.000000E+00   0.000000E+00 
5.820000E+00    -1.848778E-02   0.000000E+00    -1.848778E-02   0.000000E+00   0.000000E+00 
5.830000E+00    -1.746063E-02   0.000000E+00    -1.746063E-02   0.000000E+00   0.000000E+00 
5.840000E+00    -1.669026E-02   0.000000E+00    -1.669026E-02   0.000000E+00   0.000000E+00 
5.850000E+00    -1.566315E-02   0.000000E+00    -1.566315E-02   0.000000E+00   0.000000E+00 
5.860000E+00    -1.489280E-02   0.000000E+00    -1.489280E-02   0.000000E+00   0.000000E+00 
5.870000E+00    -1.386568E-02   0.000000E+00    -1.386568E-02   0.000000E+00   0.000000E+00 
5.880000E+00    -1.309533E-02   0.000000E+00    -1.309533E-02   0.000000E+00   0.000000E+00 
5.890000E+00    -1.206823E-02   0.000000E+00    -1.206823E-02   0.000000E+00   0.000000E+00 
5.900000E+00    -1.129790E-02   0.000000E+00    -1.129790E-02   0.000000E+00   0.000000E+00 
5.910000E+00    -1.027081E-02   0.000000E+00    -1.027081E-02   0.000000E+00   0.000000E+00 
5.920000E+00    -9.500473E-03   0.000000E+00    -9.500473E-03   0.000000E+00   0.000000E+00 
5.930000E+00    -8.473396E-03   0.000000E+00    -8.473396E-03   0.000000E+00   0.000000E+00 
5.940000E+00    -7.703077E-03   0.000000E+00    -7.703077E-03   0.000000E+00   0.000000E+00 
5.950000E+00    -6.676003E-03   0.000000E+00    -6.676003E-03   0.000000E+00   0.000000E+00 
5.960000E+00    -5.905692E-03   0.000000E+00    -5.905692E-03   0.000000E+00   0.000000E+00 
5.970000E+00    -4.878627E-03   0.000000E+00    -4.878627E-03   0.000000E+00   0.000000E+00 
5.980000E+00    -4.108324E-03   0.000000E+00    -4.108324E-03   0.000000E+00   0.000000E+00 
5.990000E+00    -3.081268E-03   0.000000E+00    -3.081268E-03   0.000000E+00   0.000000E+00 
6.000000E+00    -2.310969E-03   0.000000E+00    -2.310969E-03   0.000000E+00   0.000000E+00 
6.010000E+00    -2.054198E-03   0.000000E+00    -2.054198E-03   0.000000E+00   0.000000E+00 
6.020000E+00    -2.054190E-03   0.000000E+00    -2.054190E-03   0.000000E+00   0.000000E+00 
6.030000E+00    -2.054179E-03   0.000000E+00    -2.054179E-03   0.000000E+00   0.000000E+00 
6.040000E+00    -2.054166E-03   0.000000E+00    -2.054166E-03   0.000000E+00   0.000000E+00 
6.050000E+00    -2.054156E-03   0.000000E+00    -2.054156E-03   0.000000E+00   0.000000E+00 
6.060000E+00    -2.054149E-03   0.000000E+00    -2.054149E-03   0.000000E+00   0.000000E+00 
6.070000E+00    -2.054139E-03   0.000000E+00    -2.054139E-03   0.000000E+00   0.000000E+00 
6.080000E+00    -2.054130E-03   0.000000E+00    -2.054130E-03   0.000000E+00   0.000000E+00 
6.090000E+00    -2.054120E-03   0.000000E+00    -2.054120E-03   0.000000E+00   0.000000E+00 
6.100000E+00    -2.054113E-03   0.000000E+00    -2.054113E-03   0.000000E+00   0.000000E+00 
6.110000E+00    -2.054106E-03   0.000000E+00    -2.054106E-03   0.000000E+00   0.000000E+00 
6.120000E+00    -2.054098E-03   0.000000E+00    -2.054098E-03   0.000000E+00   0.000000E+00 
6.130000E+00    -1.797330E-03   0.000000E+00    -1.797330E-03   0.000000E+00   0.000000E+00 
6.140000E+00    -1.027045E-03   0.000000E+00    -1.027045E-03   0.000000E+00   0.000000E+00 
6.150000E+00    0.000000E+00   0.000000E+00    0.000000E+00   0.000000E+00   0.000000E+00 
6.160000E+00    0.000000E+00   0.000000E+00    0.000000E+00   0.000000E+00   0.000000E+00 
6.170000E+00    0.000000E+00   0.000000E+00    0.000000E+00   0.000000E+00   0.000000E+00 
6.180000E+00    0.000000E+00   0.000000E+00    0.000000E+00   0.000000E+00   0.000000E+00 
6.190000E+00    0.000000E+00   0.000000E+00    0.000000E+00   0.000000E+00   0.000000E+00 
6.200000E+00    0.000000E+00   0.000000E+00    0.000000E+00   0.000000E+00   0.000000E+00 
6.210000E+00    0.000000E+00   0.000000E+00    0.000000E+00   0.000000E+00   0.000000E+00 
6.220000E+00    0.000000E+00   0.000000E+00    0.000000E+00   0.000000E+00   0.000000E+00 
6.230000E+00    0.000000E+00   0.000000E+00    0.000000E+00   0.000000E+00   0.000000E+00 
6.240000E+00    0.000000E+00   0.000000E+00    0.000000E+00   0.000000E+00   0.000000E+00 
6.250000E+00    0.000000E+00   0.000000E+00    0.000000E+00   0.000000E+00   0.000000E+00 
6.260000E+00    0.000000E+00   0.000000E+00    0.000000E+00   0.000000E+00   0.000000E+00 
6.270000E+00    0.000000E+00   0.000000E+00    0.000000E+00   0.000000E+00   0.000000E+00 
6.280000E+00    0.000000E+00   0.000000E+00    0.000000E+00   0.000000E+00   0.000000E+00 
6.290000E+00    0.000000E+00   0.000000E+00    0.000000E+00   0.000000E+00   0.000000E+00 
6.300000E+00    0.000000E+00   0.000000E+00    0.000000E+00   0.000000E+00   0.000000E+00 
6.310000E+00    0.000000E+00   0.000000E+00    0.000000E+00   0.000000E+00   0.000000E+00 
6.320000E+00    0.000000E+00   0.000000E+00    0.000000E+00   0.000000E+00   0.000000E+00 
6.330000E+00    0.000000E+00   0.000000E+00    0.000000E+00   0.000000E+00   0.000000E+00 
6.340000E+00    0.000000E+00   0.000000E+00    0.000000E+00   0.000000E+00   0.000000E+00 
6.350000E+00    0.000000E+00   0.000000E+00    0.000000E+00   0.000000E+00   0.000000E+00 
6.360000E+00    0.000000E+00   0.000000E+00    0.000000E+00   0.000000E+00   0.000000E+00 
6.370000E+00    0.000000E+00   0.000000E+00    0.000000E+00   0.000000E+00   0.000000E+00 
6.380000E+00    0.000000E+00   0.000000E+00    0.000000E+00   0.000000E+00   0.000000E+00 
6.390000E+00    0.000000E+00   0.000000E+00    0.000000E+00   0.000000E+00   0.000000E+00 
6.400000E+00    0.000000E+00   0.000000E+00    0.000000E+00   0.000000E+00   0.000000E+00 
6.410000E+00    0.000000E+00   0.000000E+00    0.000000E+00   0.000000E+00   0.000000E+00 
6.420000E+00    0.000000E+00   0.000000E+00    0.000000E+00   0.000000E+00   0.000000E+00 
6.430000E+00    0.000000E+00   0.000000E+00    0.000000E+00   0.000000E+00   0.000000E+00 
6.440000E+00    0.000000E+00   0.000000E+00    0.000000E+00   0.000000E+00   0.000000E+00 
6.450000E+00    0.000000E+00   0.000000E+00    0.000000E+00   0.000000E+00   0.000000E+00 
6.460000E+00    0.000000E+00   0.000000E+00    0.000000E+00   0.000000E+00   0.000000E+00 
6.470000E+00    0.000000E+00   0.000000E+00    0.000000E+00   0.000000E+00   0.000000E+00 
6.480000E+00    0.000000E+00   0.000000E+00    0.000000E+00   0.000000E+00   0.000000E+00 
6.490000E+00    0.000000E+00   0.000000E+00    0.000000E+00   0.000000E+00   0.000000E+00 
